10000,24.248057133,21.95391274,23.434870142,22.37343491,24.645501169,25.11479735,21.232941484,35.369032566,28.079494764,29.808037159,30.368392273,32.243925828,33.4795148484,33.7505660380001,43.7345958891001,35.448796726,39.244357353,37.912719104,38.372849999,39.200352267,40.753444043,43.3513485493999,43.184327071,51.8621546366,48.208281395,45.2511641799999,46.790209123,51.6147262819,48.2848885819999,57.741041748,42.834260181,52.75421457,52.0549030219999,56.194712794,62.8002114146,50.4981119388,60.3782452077999,51.7865394728961,53.0378847743,60.578907188,60.98355651,61.5062424975999,63.2243357,64.427003895,72.824686638,65.817857825,66.473789096,67.097888037,68.4730862832001,69.707548438,71.158408499,71.815116856,66.5068687200001,73.582004327,76.455504633,75.3060479770001,75.6306488440001,77.723947025,86.4955615714801,79.9124613010001,84.9803561730002,81.6177249730001,83.6231381659999,84.2282701220001,87.98026265,88.844144141,94.7468031161998,87.8400736830001,89.680369637,89.5921714149999,91.1916629650001,92.1566823784001,86.0349985820002,95.1538849449,94.184912704,89.4546102811999,104.084163372,98.3154964230002,98.673007783,94.6682321201001,101.118437409,109.530927411,103.002133831,103.255678549,105.261024812,105.319911559,113.906069878,111.528704196,109.36055421,109.260610287,110.516151698,111.374612266,120.3350755951,114.375273113,122.9602041044,118.0784463706,116.15753843,124.7792957726,120.146574868
24.248057133,10000,16.173426884,16.8131786176,26.5247219401,18.7663845475,19.4290061441,29.0010991646,23.5956636591,22.5740771714,23.6741555485,24.3930808177,25.3651895406,26.4958205755,28.0498287634,33.1249817777,29.9376496168,27.7605223026,31.6495293771001,32.8007447541,33.2030805331,34.4154107991,37.4429402327,39.5307198576,42.3578833275999,36.3484696121,39.5867337831,40.5219811217001,39.6973930245001,42.190933813,48.163417301,52.996944939,46.4271873030999,46.2892859756,50.120363167,52.7505704344,58.4211862966999,48.8096648342,60.123382917378,61.0290789665,54.8221653211,54.6228731302,55.8913996115,57.0758987901,57.9347567739,63.2216605604999,59.4616722937,60.787021288,61.4129279641001,65.2932549287001,63.3529060004,65.289453507,67.9274304738,74.8179117047001,68.0243420281,72.3143857255,72.1290202597001,72.3847775752,73.8502831782,79.93270215402,74.5086915197,75.9172395544,75.9575041617,77.0109569110001,77.5917212271001,81.7028315991,80.3260359986001,85.0752041499,82.0630855734999,83.7711951220999,85.4249140514999,85.4656075806999,87.8218062441,94.3815426,88.990958216,88.310420087,97.1462703659002,97.7786320015,92.3562936211,92.9745873266,102.47697604283,95.0025117754001,100.0044349701,96.8336487596999,97.6458659361001,99.2896902277,99.183971757,104.8648595369,100.6273337456,110.3092924774,103.3641744111,104.6755728092,105.3787119921,109.7839592313,108.685725438,113.2801969707,107.2073169331,110.6759155957,115.368696513,114.5428963105
21.95391274,16.173426884,10000,11.302579532,21.768250218,14.057906512,14.48736717,25.1816723178,24.878124998,17.46435769,17.495752902,19.0359336954,20.731659985,22.1335090266,22.26948402746,33.1890389784,25.381009808,29.439654597,25.77404632954,27.051792408,28.488719212,30.703370646,31.2431029424,36.354311173,41.836313183,38.02146986754,34.300135003,36.245099938,41.8552684793,37.050247558,48.05042476,50.021498041,41.490253198,41.149761476,46.593274208,52.5296235001,54.9228789418001,50.5380098464,56.265448231952,57.6356968352,49.527670539,49.972804918,51.3132970486,51.372719647,52.580118352,63.500120074,54.355189129,54.5448121686001,56.502597288,61.3675494706,57.930151951,60.224164332,64.79145319654,70.9132589570999,62.68615175554,69.6603429119999,68.5633299581999,68.7110758430001,70.5315787455001,76.80526859252,69.239790624,74.9109348730001,70.2920441759998,72.3380861940002,73.707087648,78.5038926670002,78.9424316280002,84.9339505026001,76.6556080890001,77.7916528299999,82.9606800029999,80.7028440679998,85.0667979701,90.6397990570002,84.0195852274001,83.581759494,93.614140945,94.2835980710001,86.91000330354,88.090441076,97.5482068954199,90.4409116834002,99.723400742,92.4017343000001,92.9555728,94.620171926,94.1667910079999,104.792595668,102.27973007292,106.760097303,97.6244057344599,99.28245152316,100.096925613,110.0610794154,102.53989388908,112.4617528258,108.2593902494,105.5195005446,114.9694177122,111.0459258974
23.434870142,16.8131786176,11.302579532,10000,21.656760466,13.750652427,14.580110601,24.6749691268,23.951712025,17.397463335,17.831337617,18.2791989938,20.294981122,21.3259007212,22.418173898,32.4059645239,24.486593641,28.904877129,25.275988157,26.738155313,28.339221206,29.079604689,31.262916317,35.511485102,40.7490007953999,36.815793613,33.789779073,34.790844436,40.6798119052999,37.025894704,47.5450734550001,48.718734837,40.745715231,40.746615493,46.226064721,51.920031792,54.0333658718,49.6100701419999,55.527347206704,56.9524267858,48.1073918809999,49.543332869,50.6732424166,49.919786598,50.963268856,62.2482404170001,53.65549398,55.0072636672,56.6138632790001,60.4311838358,57.4250779050002,59.481325796,64.5297748410001,70.8095228769,61.97742467,68.560061911,67.75352403,68.1770990006001,69.6580567935001,75.9047656732,68.858096077,74.35199256,69.8285290350001,71.389284824,73.305258152,77.499405856,78.2330604060001,83.7110792982,76.199308184,77.2523982459999,81.9908162200001,78.747243379,84.2941639081999,89.907822104,82.4697588567,82.2052949889999,93.3974188156001,94.1209896680001,85.4935528330001,87.837506979,97.8210115378699,88.9466500963001,99.0326694168,90.784666308,91.893341942,93.606430063,93.24749023,103.256077197,101.530340733,106.407198597,98.1334548909999,98.4631944989999,99.1843118039999,109.1482760335,101.905178444,111.8458898672,106.9369044888,105.1504008476,114.0931648526,110.5056731336
22.37343491,26.5247219401,21.768250218,21.656760466,10000,21.166022683,21.696993366,21.3823040238,31.2974208,24.811569212,26.120717038,26.802825955,28.834227717,29.9764262366,30.099301882,39.5173725391,31.992724999,35.453436774,34.293276659,34.918159722,36.187657612,36.817906753,39.2448223926,39.438519048,48.4045325308,43.595749132,42.231635902,43.080878607,47.4806476501,44.501317874,54.325005859,45.30168262,48.7263615230001,48.609551524,49.520609534,59.3949428806,49.5470054154001,56.2540264888,52.135738369722,53.0355934401,56.489548817,57.086894337,58.4880015446001,59.588821255,61.117269412,69.468900348,62.588486529,62.63766643,64.158470694,65.2165707816,66.1435871000001,67.6209477,68.637117446,67.5059427109001,70.110459015,72.5356318240001,72.205210548,72.5906261955999,74.1156674845001,73.24045809372,75.855446837,80.134541733,78.1608729260001,80.4364894020002,80.2017065340001,82.0501021350001,84.923376883,91.0638325702,84.4159076259999,85.555380057,85.6996569050001,88.1203355290001,88.1763638158998,86.1083451250001,91.4720852846999,90.4239470920001,89.0606531807,91.5249358369999,94.8466338660001,94.8986204600001,94.33154222903,97.5034297444001,106.473453382,100.082051571,100.332401492,101.736745792,101.665229721,111.09476002,107.81198273,102.155906869,105.856758411,106.627634859,108.03171594,116.3844044233,110.543009768,118.9629996044,114.5942390128,113.1755604586,121.3418581015,114.9348497924
24.645501169,18.7663845475,14.057906512,13.750652427,21.166022683,10000,10.55900044,22.0391802212,21.364253214,13.167396064,16.018277748,16.803507528,19.084007064,19.2363976286,20.73001456,29.5850532286,21.159646327,26.73256136,23.39603697,24.765936962,24.449337286,26.955903389,29.6309792916,32.436914851,38.3461705,34.569803737,31.278910562,32.915385966,37.8866226213999,33.61780853,44.7344878829999,45.5556936560001,39.223625724,37.097919552,42.895038748,48.9050983943999,51.0054679634,47.6937511883999,52.766716457904,54.0775559892,46.496856851,46.262701093,46.7478190866001,49.409228015,50.275287322,59.923105107,51.8102480920001,52.6119604819999,53.036268897,57.6895799768,55.894812412,56.996696468,61.1253311889999,67.5839153782,60.785276924,65.6066142800001,65.2395633832001,65.3862780532,66.6629931004999,73.27122279496,65.177551139,71.2245469850001,67.7426550900001,69.6572077899999,69.9000780450001,74.8288155289999,75.504559641,81.3793895954,74.341460442,75.61177427,78.8239180780002,76.6712979699999,81.2414713915999,86.947632408,82.1560144489001,79.1754027939998,90.128025922,90.956390314,84.91473903,84.207844614,94.30432402162,86.9536076214,96.6555765835999,88.6387155233998,89.1655177720001,90.473236682,90.41476646,100.989460395,99.117409881,103.416780977,95.469159142,95.9259812550001,97.6531228,107.1325265729,100.945589831,109.4323903304,104.9359570348,100.9216306854,111.2071989984,107.518288896
25.11479735,19.4290061441,14.48736717,14.580110601,21.696993366,10.55900044,10000,20.63620876,19.983267252,11.926720871,14.23794228,14.773649746,17.32141404,17.5163543547,18.988004292,28.5933035729,20.176925624,25.188056687,22.247388748,22.679339791,23.132421938,24.468313128,28.2959674758,31.125608459,36.8082807082,33.520230053,30.15490352,31.328012424,37.0563505039,32.54854978,43.325936091,44.532099712,37.775830546,35.721968404,41.424984532,47.943078024,49.9749832918,45.736604744,51.690157506726,52.942136237,45.445922887,45.3765305900001,45.5300673042,47.6526864830001,48.8136015800001,58.437800487,50.3409988120001,51.1204454040001,50.9404639429999,56.7109699698,54.1706324099999,55.366199306,59.7612124290001,66.4130740147,58.755588284,64.823022781,64.137611265,63.6914585118999,65.1140390935,72.45367004756,64.254003063,71.003190763,66.3970295349999,68.884350253,68.176156053,73.668682822,74.885447253,79.9323516129001,73.296721546,74.4756965280001,77.60016141,74.914312091,79.9093098413998,85.6803259590001,80.9818278971001,78.2166000900001,88.7752616228,89.2839481459999,83.286725983,82.614830511,93.01720279149,85.7043838684,94.686306678,87.9346721567999,88.2350610409999,89.5122632869999,89.202095567,99.699169948,97.5086411700002,101.794030721,94.049014308,94.558660506,95.2879127900001,104.8785872366,99.616254272,107.5822151264,103.9975378154,99.9756105776001,109.919347953,106.305419452
21.232941484,29.0010991646,25.1816723178,24.6749691268,21.3823040238,22.0391802212,20.63620876,10000,28.4468571886,21.802411941,22.8740086402,23.7978048872,25.0475264462,26.373751669,27.2038240576,36.8186279206,29.078653318,31.929238624,31.5604841688,31.853005807,32.5006985658,33.4576330542,35.8982092808,35.5093536494,44.9989215434,40.6120162792,39.439624284,40.0030300834,44.7315993492,41.6137147514,50.9480211096001,38.957350592,45.7531275442,45.3601759502001,49.1326558378001,56.4435838712,42.2361915448,53.0127555442,43.769083303726,44.8807494539,54.394044025,54.2406372214,55.0022276054,56.3026792898001,58.0851357558,66.2104895108,58.8400799750001,60.1878674327999,60.589706825,61.3687055567999,62.9235863601999,64.5314448618,65.805557458,58.5169909959,66.9440041177999,69.3501078450001,67.8553102926,68.1960016012999,70.9256538965,79.5579605158001,73.2492945874,76.9178055608001,75.2976068824,76.5258186211999,77.3792216308,81.2705197687998,82.224519623,88.2192473427999,81.0540498108,82.3933114808,82.339925348,84.4474816136,87.1036182578,77.8428012969999,87.9820850507001,87.8975613692001,81.4031762173,97.4020667799999,91.4929188507999,92.0012274359999,85.91101910306,94.0405491090001,102.8470853936,96.547206447,97.1682488158,98.689949674,98.2915755068001,107.684262141,104.3679193748,109.6130014788,102.7479740812,104.10932403,104.4289243866,113.7608080821,107.9757202988,115.9466612676,111.0524701238,109.9041361655,118.4929664448,113.7784756656
35.369032566,23.5956636591,24.878124998,23.951712025,31.2974208,21.364253214,19.983267252,28.4468571886,10000,19.581886648,19.91280905,21.139764726,22.688160748,23.5343858146,25.14979087,20.3537097728,26.93153076,29.583354429,28.187162374,29.55875744,30.062712392,31.691346994,34.0709517156,36.919510194,41.7310106593999,33.5370889406,36.562918726,38.033595276,37.145489689,38.86894123,45.1480907320001,49.974258801,43.505831046,43.068637152,47.280081931,40.5787406394,55.1590355346,50.5878868662,57.209836424852,58.6470203963,51.511041937,51.078896396,51.6828829866,54.3958879569999,54.26894819,63.966301803,56.8540525,57.21537242,57.898199152,62.935363846,60.181787644,61.560060404,64.721662697,72.1908749407999,64.8187525740001,69.6563007660001,69.65010931,69.3790539574001,71.162646719,77.8691772,71.194861604,75.8467953490001,72.838676576,75.0113467139999,75.1124915460001,78.0534410219999,79.784056645,85.9305820586,79.2739352540001,79.811204828,83.3322911869999,82.1620233759999,85.0929831953,91.191827436,85.6793923782,85.168966218,94.268274031,95.516388511,89.204452604,89.4335023080001,98.64576003362,91.655091366,93.2430855883999,93.692925348,94.3344813719999,94.7951881799999,96.1279351240001,105.409874786,97.097883229,107.382694095,100.286731924,101.466766998,102.27864426,98.268178281,104.704904284,112.9978818662,106.6534075176,106.5865646806,112.3359367565,111.3760281914
28.079494764,22.5740771714,17.46435769,17.397463335,24.811569212,13.167396064,11.926720871,21.802411941,19.581886648,10000,11.91091034,12.51274633,13.725420176,14.346222291,15.643546672,25.955181143,16.62266977,22.226521356,19.157044922,20.144540298,19.705028344,22.174542946,25.492109998,28.196743603,34.2314777216,30.4201925804,27.478692954,28.495895792,34.1466533168,28.858354831,40.716259958,41.3722482870001,34.61797129,32.723061438,38.766666235,44.9728966883999,47.425466168,43.2380638604,49.173170675978,49.9255869673,42.974866628,41.816837337,41.8853760358,44.8798784279999,45.3316023919999,55.468272563,47.0169052219999,47.9521991100001,48.124843511,53.0092708474,51.1609403199999,52.0763690229999,56.294758973,62.7015057586,56.0809234860001,61.5630493,60.4900201902,60.6224203009,62.431794836,68.9394227632,60.7963016089999,67.335521233,63.3132378159999,65.43936406,64.891704975,70.5472287169999,71.4979874390001,76.8072763821999,70.2652094420001,71.4196055719999,74.733751322,72.339340808,76.6187949974,82.7362172249999,78.003471471,74.8864089720001,86.5319165604001,86.2503655140001,80.7896017130001,79.471178223,90.2279388869301,82.5385968539998,92.7756103310001,84.6065307275999,84.3753399890001,86.375676194,85.5304732,96.6098093180002,95.0227813610001,99.06778418,91.2041750769999,91.0338488000002,92.699835972,102.1544503831,96.635934736,104.8574086424,101.0583304294,96.8229523255,107.4531528181,103.40055147
29.808037159,23.6741555485,17.495752902,17.831337617,26.120717038,16.018277748,14.23794228,22.8740086402,19.91280905,11.91091034,10000,10.423188021,11.860155434,13.4512672828,14.371194384,24.961950149,16.75623603,21.395842455,17.602828631,18.565742949,20.34491114,21.50959567,23.2928845688,27.859181666,33.5895252306,29.3502613906,25.595966736,27.32073456,33.0814160741,29.30070829,39.702968538,41.2181049300001,33.320619276,32.969509298,38.259093379,44.1763604578,46.8120926786,42.1684431524,48.187966935826,49.7908529373001,41.019861264,42.645765711,43.046704762,43.114875504,44.6758262699999,55.045428389,45.641893009,46.2151180353999,48.4739232479999,52.9573187474,49.10264716,51.360870536,55.914162297,62.7338598589,54.598775781,61.2808058369999,60.168504642,60.4648336607,62.335522132,68.1886046235601,61.3069751200001,66.6552092850001,61.7293707089999,64.054172491,65.72087052,69.9304242910001,70.6642594179999,76.5298434051001,68.356464609,69.7240605269999,73.997953002,71.445104958,76.7412254053,81.4723389360002,75.3269864649001,75.0707599379999,85.0085288859,85.626576093,78.379589765,80.4952102100001,89.69793793742,81.7655394112001,91.1279487816001,84.2691630624,85.0944233119999,86.649032782,86.123317702,95.715032301,93.8610573219999,98.1087495210001,89.6986882709998,90.6120274119999,91.5406880889998,101.46379998,94.828900367,104.3532620998,99.6704553502,96.8612720565999,106.6559025208,102.6408962646
30.368392273,24.3930808177,19.0359336954,18.2791989938,26.802825955,16.803507528,14.773649746,23.7978048872,21.139764726,12.51274633,10.423188021,10000,11.624196826,12.1178451749,13.752941761,23.3550551651,15.870283247,20.352735709,16.4170837112,17.6553944262,18.8932068568,19.750143708,22.9483450696,26.692278744,31.6837899326,27.9973203722,24.4114833444,26.7301224022,31.7905287041,28.5154853,38.464604846,40.094837729,32.3726841222,32.069143808,37.1962067828,43.3820400698,44.9764012291999,40.9929551578,46.978829548652,48.307754867,40.1601207519999,40.916506565,41.6138306234,42.4786700706001,43.0621876468,53.6429274280001,45.0424884132,45.5249802204,47.024768398,51.9160011005999,48.8564130230001,50.817024959,55.276869686,61.4451635432,53.4005844926,60.273307478,59.4387315556,58.8215218139001,60.896459941,67.3453321715601,60.1189691979999,66.0662865729999,61.0882905860001,63.0418671792,64.2494376054,69.045477949,70.012204317,75.3154877572001,67.8123003486001,68.954269487,73.087413102,70.42177113,75.2408559948,81.2707004129999,74.7724914712998,73.6044340286,84.4358375392,84.7455045730001,77.7837672157999,78.5827220619999,88.8028398909001,80.4861548451,89.7423986436001,83.00121747,83.9610171622,85.1294243999999,84.8270103786,95.010618427,92.234039648,97.2975286920001,89.0584844059999,89.6076964360002,90.4747125187999,100.271423855,94.032361319,102.8167931074,98.485840413,95.8246931885998,104.693064548,101.987486328
32.243925828,25.3651895406,20.731659985,20.294981122,28.834227717,19.084007064,17.32141404,25.0475264462,22.688160748,13.725420176,11.860155434,11.624196826,10000,12.4036458066,13.233400454,22.8928714138,15.500958142,19.463082623,16.56580597,18.245100541,19.267121434,20.977721934,22.3091915444,26.253693176,32.3131247492,27.9889364532,24.775355656,26.60658172,31.4500406344,28.11381586,38.345161734,40.00688386,31.010893965,31.325393358,36.9067991310001,42.8707868286,45.3647482946,40.4528260214,46.972912484852,48.4453196274,39.883185853,41.02973374,41.49855867,42.964437962,42.990683545,53.452209748,45.5589912720001,45.5660215562001,47.557078502,52.0553219964,48.319145631,50.673146348,54.388855481,61.5347542016,53.223587592,58.98077767,59.223800492,58.6137460456,60.4505508205,66.41803339504,60.12612756,64.8013128530001,61.4555268290001,62.605879,64.27413397,67.916433527,69.066028886,74.353733356,67.1771344169999,67.9327933840001,73.0751429290001,71.5952989880001,74.0946951789,80.919963216,74.0431009771,73.8924975700001,84.0342544642,84.686756972,77.455533804,78.9456469819999,88.88176043883,81.3391648959999,90.2604073464,83.0669110519999,83.5183748620001,85.178210482,85.164193,94.187262118,91.6905122080002,96.4089516389999,88.925196883,89.7876731269999,90.55732122,100.5256564419,93.1167054270001,102.9082942598,98.3255326609999,96.7951084766,105.3851835282,101.192516798
33.4795148484,26.4958205755,22.1335090266,21.3259007212,29.9764262366,19.2363976286,17.5163543547,26.373751669,23.5343858146,14.346222291,13.4512672828,12.1178451749,12.4036458066,10000,12.8339626217,22.120088759,13.1607091163,18.4154445836,15.5944804906,16.5417007709,17.0702449309,18.8085790747,22.4485155728,25.1053031646,30.9820583784,27.1882021828,23.5292871214,24.9740588001,30.3450362631,26.0628539472,37.0923195246,39.3414726266,31.4546241317,30.3670096266,36.0799291116,41.8836222042,44.2475084069999,38.892324693,45.562806272952,47.2671643541,39.1197054179,38.1226192049,38.7166271581999,41.1598179434,40.8593980793001,52.4524530756,43.8568348236,44.6762873256999,45.4933294754,50.5671258526,47.8958277407,48.1355206449999,53.8029884986,60.2844924996,52.8889363957,58.3332590568,57.970182087,57.6812759476,59.6536875061,65.88454394368,57.0847444179,63.8158027529999,60.4862815087,61.7718554582,61.53123721,67.8750425525999,68.6530992829999,73.9730830753002,66.6045018791,67.6848936431001,71.6269653636,68.0817224681,73.873466402,79.7892761125999,74.3120307355001,72.057732511,83.1696789469999,84.0000257195999,76.9997100422,75.7253246837,86.9758588265999,78.5522630735999,88.8450227318,80.3669075635001,81.1175670483001,82.8802199466001,83.3479962456999,93.567357332,90.9091437305999,95.6588254356,87.5721772439,87.9800530692999,89.3873458509,98.8582139517999,92.9485966714001,101.5017856578,97.3578082553999,94.6137593120999,103.7785235343,100.2140207966
33.7505660380001,28.0498287634,22.26948402746,22.418173898,30.099301882,20.73001456,18.988004292,27.2038240576,25.14979087,15.643546672,14.371194384,13.752941761,13.233400454,12.8339626217,10000,20.7923176577,13.950809442,17.621079845,14.841319383,15.737385455,17.472416414,19.089688704,20.0682465806,24.380609636,30.0519320902,26.2386172700001,22.652848964,24.38783751,29.4437592897,25.58732567,36.067959191,37.711191087,29.281477495,30.03771298,34.998356937,40.8559903214,42.9175400076,38.6064035254,44.5167792664479,45.9215624389001,37.809418494,38.7578950449999,39.8670586786,40.585099432,40.842709062,51.6853570130001,43.234821139,43.6103911834,45.14297098,49.457672443,46.462198318,48.758174079,52.930745874,58.6024882355001,51.006640476,57.122098076,56.9144212188001,56.646425903,58.7058916685,64.76314742624,58.1344758520001,62.936539425,59.074546248,60.874938445,61.6916035940001,66.344768507,67.406213546,72.6884855951999,64.899183725,66.141197863,70.8683614609999,68.80683281,72.9041597473999,78.1949242920001,71.8707376587,71.7910749260001,81.5147447753,81.9684515980001,75.2580600299999,76.7987146319999,86.00458977903,79.3055554860001,87.6203396779999,81.1489427719999,81.5613854120001,82.9619278120002,83.3194596319999,92.2881400049999,90.2457082419999,94.8539174110001,86.368433151,87.738618653,88.8014434470001,98.2660773423,91.0658621319999,100.0550477394,96.4632769790001,94.0530121206,103.2518899974,99.3382867457
43.7345958891001,33.1249817777,33.1890389784,32.4059645239,39.5173725391,29.5850532286,28.5933035729,36.8186279206,20.3537097728,25.955181143,24.961950149,23.3550551651,22.8928714138,22.120088759,20.7923176577,10000,21.0981593213,20.5556854814,22.9467325546,23.5003348921,24.5025518186,26.2465174277,28.485676681,31.1599465865,20.7966880466,29.0881447733,30.6762398303,31.6615970471,32.3892315544,33.2954264671,27.3217101112,44.5150725435999,37.3835017577,37.2987833415,41.4270233041,32.2780637359,49.4135642183999,41.4898094279,51.446198061078,52.5811194131,45.3063624451,45.9006575825999,47.0890775052,48.1178682491,49.1816877183,45.0036755468,50.4633164744,51.7587074636,52.3418616564,55.9970095484,54.8611536731,56.2846832395,58.6172358439,66.1519626457001,59.4873155724,63.0238964066,63.6161478818999,63.1289130798,65.2150408300999,56.4247000175,64.8093357968,62.6050037326,67.1297230051,68.0478573853001,69.2222435264001,72.5632365300999,66.7536265745001,63.4813950069,73.1862244035001,74.6760173916,77.1139751064,76.0305014730999,79.3787610356001,85.3872816346,79.6359681421999,79.5235399775001,88.6485378790999,78.4132546039,83.4345919236001,84.0282242856001,93.7754054409198,86.2953089222999,79.1921290051001,87.9155054419002,88.5303047577,89.193400811,90.3879504730999,83.2563570651,92.3952300598999,101.7095309956,95.1824226498999,95.6660248053,96.6294068991,90.5382779984,99.2440831105999,91.7028187448999,99.4415046087001,101.2931652959,94.6086208955999,105.1943027849
35.448796726,29.9376496168,25.381009808,24.486593641,31.992724999,21.159646327,20.176925624,29.078653318,26.93153076,16.62266977,16.75623603,15.870283247,15.500958142,13.1607091163,13.950809442,21.0981593213,10000,15.178504631,13.038120873,13.378654283,13.727377163,15.474514821,18.733461354,21.622201087,27.6919229256,23.174725382,20.680979782,21.63860132,27.3283695654,22.860370332,33.895147476,34.93932951,28.066692524,26.92131495,32.40640935,38.6332328224,40.533342371,36.553863759,41.640369394078,43.4135559279001,36.240052206,35.414825038,35.5477411728,38.383508311,37.7606773520001,48.70538171,40.190552273,41.1418642214,41.9869918410001,46.7404308138,44.967817525,44.617206845,50.18068384,56.8446220073,50.126055474,54.74754459,54.2445322660001,54.463956908,55.5497132755,61.8831995623601,53.398070702,60.6665573509999,56.7826924,58.287289096,57.776081489,64.059564029,64.657710676,70.7059901056,63.577081869,65.3023449619999,68.245173947,65.196309047,70.3441292422,76.010253427,71.5078281232001,68.622335574,79.5556239634001,79.9197341590001,74.122765375,72.965699815,83.48787723208,75.3126425520001,85.5427301133999,77.5957157260001,77.302073721,79.317923174,79.70659734,89.795240933,87.513457246,91.9094872589998,84.4809351840002,84.3737914029999,86.2982290340001,95.5290633889,90.189713736,98.49484013,94.8802429444,90.7999033755,100.109118122,96.9993679
39.244357353,27.7605223026,29.439654597,28.904877129,35.453436774,26.73256136,25.188056687,31.929238624,29.583354429,22.226521356,21.395842455,20.352735709,19.463082623,18.4154445836,17.621079845,20.5556854814,15.178504631,10000,15.269270123,15.932206732,17.284027841,18.198903544,20.4628030764,23.047577223,25.7811650978,20.3955520654,22.942876549,24.505070164,23.8821766845,25.867508319,31.723350416,37.17111006,29.87147602,29.611108727,28.899611144,36.4029907256,42.3347583326,32.489750856,43.661512302178,45.2721417081,37.79710124,39.2127180149999,39.7698566726,40.708203793,42.023706337,47.20345753,43.647075937,44.279634901,44.7057901130001,48.4158804186,46.9076941130001,48.826330977,51.286580529,58.0940116351,51.894488231,56.2819611070001,56.054826989,55.6827041739999,57.3383281255,60.15639138232,57.5486529040001,59.36039939,59.870175385,61.4629287330001,61.9625442600001,60.591986455,64.126819549,68.0511504022,65.252741015,66.320568475,69.782251199,69.208289464,66.6317378377,78.0344057310001,72.441520263,72.756856209,80.6238679356999,75.067202111,76.4354724320001,76.2118965480001,84.80917035709,79.052617068,83.7654938894,81.469935696,81.53002656,83.141284555,83.117691113,88.0267381619999,84.3286205509999,90.620107099,87.218383534,88.0068783389999,88.6946058579999,93.9073911622999,91.9371571069999,96.0773889155999,90.3702806067999,93.9254883060001,98.7756933572,93.8235216407002
37.912719104,31.6495293771001,25.77404632954,25.275988157,34.293276659,23.39603697,22.247388748,31.5604841688,28.187162374,19.157044922,17.602828631,16.4170837112,16.56580597,15.5944804906,14.841319383,22.9467325546,13.038120873,15.269270123,10000,10.926769676,12.189342732,13.51943797,15.1839038038,20.306929897,25.4957744726,21.0340797282,17.763407915,19.981202926,25.0864277683,21.433662394,31.67663988,33.124541592,25.069432982,25.135552458,30.685074435,36.0248834134,38.6495617438,34.2896820584,40.487356159426,41.789180002,33.402792901,34.045609042,34.7624754606,35.380904031,36.34304258,47.387259995,38.010414109,38.8095041872,40.59215605,44.81956048,42.0479589519999,43.634412908,48.3848171149999,55.0564527683999,46.803359842,53.194092532,52.7032966166,52.952274761,54.8900348725001,60.58955942228,53.1527046,58.465900276,53.9020435280001,56.480260819,56.982434304,61.997755513,63.100624263,68.6504461161999,60.456506669,61.6867427139999,66.2798772230001,63.985384032,68.3677861136,74.39606994,67.5250496091001,66.5397074559999,77.8157939338999,78.4180814389999,70.7221625699999,72.107834454,81.9135458133201,73.9521731648001,83.6859838731999,76.16106901,77.0267839239999,78.3676613119999,77.977008018,88.5317417110001,85.9048924640002,90.7639406509998,81.7307193379999,82.4842765090002,83.658714038,93.7336228889002,87.0847410639999,96.2111177647999,92.0060504015999,88.8191720786,98.1911662886,94.9533412036998
38.372849999,32.8007447541,27.051792408,26.738155313,34.918159722,24.765936962,22.679339791,31.853005807,29.55875744,20.144540298,18.565742949,17.6553944262,18.245100541,16.5417007709,15.737385455,23.5003348921,13.378654283,15.932206732,10.926769676,10000,11.077801259,11.975962126,14.8450227906,18.829293475,24.5309474312,20.3835132932,17.152304689,18.63351155,24.3814505768,19.772399305,30.381954858,32.240891177,24.69914874,24.381023098,29.26918442,35.1486697189999,37.3238929864,33.2362492868,39.055658965926,40.2928334684,32.409664881,32.388333068,33.5295650791,34.414089276,35.377659984,45.53687007,37.013151875,37.6925880372,39.131836875,43.2899937478,40.969741587,42.912956232,46.940935546,53.7965847919,45.520213947,52.329758262,51.2220618318,50.910870306,53.245680358,58.90955512264,51.59564135,57.567866037,53.318521764,55.666149809,55.629058463,60.7349718390001,61.918320963,66.4648491818,59.8628800920001,61.12588528,65.199861587,62.47883857,67.1146042201,73.0805610850001,67.1510054083999,65.614765786,76.606635795,76.3035159500001,69.7033755879999,70.7252763030001,80.5495487928,73.1100099369999,82.3852270397999,74.6532405876001,75.3139020210001,76.966770258,76.4137301980002,86.406832874,84.5344832900001,89.1873744640001,81.0651583500001,81.715571229,82.659773985,92.3111924146,86.3202013649999,95.0264595274001,91.333688035,88.6358381466,97.4091869095998,93.825743514
39.200352267,33.2030805331,28.488719212,28.339221206,36.187657612,24.449337286,23.132421938,32.5006985658,30.062712392,19.705028344,20.34491114,18.8932068568,19.267121434,17.0702449309,17.472416414,24.5025518186,13.727377163,17.284027841,12.189342732,11.077801259,10000,10.583137237,14.3040369606,17.332191563,23.327817281,19.115950895,15.998226459,17.385531589,22.9841844902,18.044239834,29.559345216,31.042272953,24.04590156,21.995002353,28.001568831,33.749240714,36.1723588029999,31.5414188154,37.432025508852,38.8030327428,32.099318636,30.791583649,31.2715965107,33.702099141,34.527131204,44.6820277270001,35.345146917,37.0389442129999,36.972213063,42.3160125146,40.4065644,41.115495561,46.108576994,52.2648725957001,45.256751226,51.075487008,49.909208777,49.9022486496,51.5899487835,57.5339555213201,50.2207075060001,56.515937396,52.421213563,53.995475621,54.170431049,59.473878927,60.9115114940001,66.4518932644,59.178711912,61.095800006,63.561532294,61.068398751,65.712390175,71.9719731670001,66.5355322831,64.1066738340001,75.0867781397,75.720651037,69.4502139370001,68.654252884,78.74210343842,71.2310900954001,81.1983684319999,73.417779966,73.599313202,75.4015499389999,74.2922878609999,85.5304571679999,83.7205542900001,87.9125822639999,79.881880073,79.8763223399998,81.4808736920001,90.7741744876,86.145525653,93.5797176178,89.8235378106,85.3254724135999,95.7982252128001,91.5652267669001
40.753444043,34.4154107991,30.703370646,29.079604689,36.817906753,26.955903389,24.468313128,33.4576330542,31.691346994,22.174542946,21.50959567,19.750143708,20.977721934,18.8085790747,19.089688704,26.2465174277,15.474514821,18.198903544,13.51943797,11.975962126,10.583137237,10000,13.9590880592,16.44877125,22.3047887656,18.353604981,15.307643002,16.30827051,22.0782991274,17.989805663,28.28775629,30.134666493,23.329383428,22.067315667,27.221394476,33.2428084945,34.9335209588,31.3841761156,36.574329528852,38.9272865293,30.849380566,30.40413151,31.3268729758,33.044766817,33.561841449,43.816235196,34.867459009,36.4984045802,36.575213688,41.9727238594,39.958629813,40.683682813,45.0394877729999,51.9684456108999,44.6783740580001,49.965436432,49.092463414,49.547662247,51.095644805,57.7255062700001,49.7029023689999,55.576917254,51.433201068,53.6830695169999,53.13693767,59.2560407190001,59.950069605,65.5199524261999,57.896080475,59.84229601,63.1465743830001,61.274330377,65.3174485918001,71.043210586,65.2568219860001,63.9350965130001,74.1906512384,75.5363644250001,68.277982692,67.8275175120001,78.4011630304899,70.57106398,80.9759824882,73.1851470710001,73.5824254410001,74.9875603459999,74.778594822,85.4294461610001,82.363086072,87.0615186170001,79.078036031,79.9583614109999,80.868253999,90.5110605417999,85.1584295820001,93.0304052417999,89.2132783433999,86.7342753231,95.7611556125001,91.5827942999998
43.3513485493999,37.4429402327,31.2431029424,31.262916317,39.2448223926,29.6309792916,28.2959674758,35.8982092808,34.0709517156,25.492109998,23.2928845688,22.9483450696,22.3091915444,22.4485155728,20.0682465806,28.485676681,18.733461354,20.4628030764,15.1839038038,14.8450227906,14.3040369606,13.9590880592,10000,17.409701799,22.9887821868,18.8104806618,15.6814484508,17.9839013796,22.6459675247,18.7805239446,29.306614536,31.175123251,22.9624306858,23.3054730626,27.686572947,34.2477709215,35.6076633764,31.5239457958,37.444294836626,39.0447265756,29.5419478642,32.2516995424,33.1334913992,33.1641638916,34.62308191,45.1150202298,36.0981955062,36.5071645048,38.8404359058,42.9797672756,39.5192527602,41.8925418918,45.5609673046,52.5098690313999,44.2704545656,50.475199411,49.9103468357999,50.6114866608,51.6683687161,58.2452727148001,51.497689518,55.7928547232,52.4902856038,53.752083796,54.948742358,59.1599867834,59.9228244902,65.4579832378,58.116145126,58.9055344806,64.0015432446,62.4368784526,65.7245454383999,71.8282328905999,64.3592430485,65.080749088,75.0877928839999,75.6882135081999,68.8350880681999,70.3516294801999,78.9457211750199,71.9393044858001,81.2033725238,74.4361403546001,74.9909156828001,76.5881434006001,76.3448554966001,85.4068296404,82.7599371412002,87.8833293842001,79.7037630126001,81.2484854328,81.9122840126001,90.8238135237,83.5834695029998,94.0288157234001,89.6185501094,87.1076423378001,96.2723427671,92.2264429337999
43.184327071,39.5307198576,36.354311173,35.511485102,39.438519048,32.436914851,31.125608459,35.5093536494,36.919510194,28.196743603,27.859181666,26.692278744,26.253693176,25.1053031646,24.380609636,31.1599465865,21.622201087,23.047577223,20.306929897,18.829293475,17.332191563,16.44877125,17.409701799,10000,23.5823677056,19.1147767178,18.111079411,18.708478017,22.6825336208,20.57750304,29.601454602,28.44285093,24.759157147,23.946100946,27.935741373,34.598481345,33.3892276054,31.5448690838,34.743217852252,36.1737105257001,33.039353189,32.567585332,33.7175380636,35.249723993,36.35310957,44.736866678,37.927582372,39.042985928,39.314094339,38.8841036174,41.938192407,43.030065575,41.677893598,49.0602520517,46.7236412779999,46.0421109019999,45.7071683788,47.1166099639,47.073454769,58.3563826462,51.6120750029999,55.979638794,54.3830340730001,56.248938207,55.5296831420001,59.925583988,61.0554863060001,66.1875182294001,60.422491883,61.180508537,59.799045719,63.187590097,61.7116410782,68.9546103350001,67.3796323459,66.2511174819999,72.5015809345999,76.1504285240002,70.901240684,70.955051712,76.1464933706299,73.5771610164,81.6996575582,75.656925533,75.7531425030001,77.3458669350001,77.5460633220001,85.862646878,83.0931722940001,85.6282443699999,81.3975316119998,82.691664226,83.3395027900001,91.8741277533999,86.8809647479999,94.1678909043999,89.9617130892,87.9791054175999,97.1384110291001,88.730729037
51.8621546366,42.3578833275999,41.836313183,40.7490007953999,48.4045325308,38.3461705,36.8082807082,44.9989215434,41.7310106593999,34.2314777216,33.5895252306,31.6837899326,32.3131247492,30.9820583784,30.0519320902,20.7966880466,27.6919229256,25.7811650978,25.4957744726,24.5309474312,23.327817281,22.3047887656,22.9887821868,23.5823677056,10000,20.1090399354,21.5297271332,22.6026069714,23.2750757945,24.0335994596,17.9859671288,35.0732847946,28.2520723522,28.0722770086,27.9501746804,24.4218402538,40.7250862,32.5097717976,42.013654564326,43.3851057371001,36.820147768,36.6935989466,37.5019749984,38.7171186944,39.9615214433999,36.2018210916,41.3619745812,42.1176029589999,43.0491249142,46.870507926,45.108999297,47.2221018885999,47.4071264968,56.3911845828,49.8780051766,51.1585903996,54.0556445464,53.9749487999,52.8071697185,47.46685392432,55.74588176,53.4804258014,57.4200607437999,58.9128524022,59.7321833116,59.389203598,58.1632023784001,55.00118056,64.2617459672001,65.746368092,67.8044057798001,66.3792805611999,66.8399071563,76.1482762943999,71.5449519918,70.6260443839999,79.2000565191,68.7455115013999,73.6477524480001,74.0520653248,83.4839396027399,77.5449492463999,70.4295045542001,79.2280800096,79.7369548046001,80.1943383848,81.0773242852,74.9950554042001,83.8114138090002,76.8415513784001,85.2270087098001,86.1523139038001,87.2720523356,81.9599751878999,90.0881836624001,83.1363582776,89.8547879566,91.9970911152001,85.3638057435,93.1915240945001
48.208281395,36.3484696121,38.02146986754,36.815793613,43.595749132,34.569803737,33.520230053,40.6120162792,33.5370889406,30.4201925804,29.3502613906,27.9973203722,27.9889364532,27.1882021828,26.2386172700001,29.0881447733,23.174725382,20.3955520654,21.0340797282,20.3835132932,19.115950895,18.353604981,18.8104806618,19.1147767178,20.1090399354,10000,15.0217551302,16.676342478,15.438733448,18.124756723,24.074594264,28.9324922148,21.8658180288,22.389794453,25.7040938246,28.5778847992,34.2601530536,25.4139611888,35.643656223852,37.0787853226,30.0942567172,30.201877275,31.2315275654,32.954071824,34.138629536,38.7076663598,34.9636383812,36.543169354,37.3057574282,40.9888230328,39.7098755430001,40.6826416152001,43.4253171609999,50.3946050183,44.0496531494001,47.906891872,47.9235826046,47.9018574559999,49.8057862527001,52.60348977448,49.822143459,52.4325219182,51.5874477592,53.531842276,53.3649414725999,57.018147981,56.4971564272001,60.871769075,57.9563089042,59.1383902298,61.573376194,61.0624072454,63.6047321062,70.1130164572,65.2942043954,64.2024315912,72.9854135432999,68.4283107708,68.0902942112,68.56014459,77.86095391061,70.4123515832,75.3657202551999,72.9452646251998,73.4515148506,75.1089319942,75.3306737802,80.5802723932,75.8878078421999,86.1905547087999,79.3755631532,80.3364703822,81.1568093726,86.3266194761,84.723473191,89.0124552967999,83.5358894272,86.2067650167999,90.9772763843,90.2440858746001
45.2511641799999,39.5867337831,34.300135003,33.789779073,42.231635902,31.278910562,30.15490352,39.439624284,36.562918726,27.478692954,25.595966736,24.4114833444,24.775355656,23.5292871214,22.652848964,30.6762398303,20.680979782,22.942876549,17.763407915,17.152304689,15.998226459,15.307643002,15.6814484508,18.111079411,21.5297271332,15.0217551302,10000,11.529477238,17.0031280314,13.485329293,23.302185591,24.500409083,16.95597727,17.302962864,22.46407918,28.330922141,30.0932290352,26.1040920434,32.250162908226,33.6809712099,24.985086702,25.89501007,26.3509865126,27.386436971,28.116347685,38.201992241,29.959187168,30.4321184486,32.443689652,36.9865134434,33.949812746,35.597946495,39.452459432,47.3479559956,38.298736047,45.080923846,44.703431096,44.3318264707001,46.288399034,52.17788928448,44.858085562,50.118253347,45.5511950729999,47.6220898959999,49.450256179,53.75111545,54.709106065,59.9623856502,51.968157463,53.1810300660001,58.424672356,55.702951245,60.0685435396,65.815441361,59.4329456825999,58.683437227,69.8707314089,69.9143245340001,63.2023190859999,64.006688036,73.5676525644199,65.3818393175001,75.2998213072,67.7632401656001,68.6019137089999,70.4047155840001,70.0595718240001,79.8890310330001,77.2487757570002,81.998884041,73.841987172,74.373364006,75.1086229129999,85.7211627579,78.935826929,88.2545046094001,83.9112626124,80.9099793825999,90.5470821765,86.7819437177
46.790209123,40.5219811217001,36.245099938,34.790844436,43.080878607,32.915385966,31.328012424,40.0030300834,38.033595276,28.495895792,27.32073456,26.7301224022,26.60658172,24.9740588001,24.38783751,31.6615970471,21.63860132,24.505070164,19.981202926,18.63351155,17.385531589,16.30827051,17.9839013796,18.708478017,22.6026069714,16.676342478,11.529477238,10000,16.5802864271,12.215455713,22.753830644,24.160143423,16.465978538,16.801885658,21.222846745,27.5376850786,29.6847093962,25.2339988674,31.562047642726,32.9108709632,24.800854895,24.629146881,25.5557989617,27.36625553,28.12433123,37.980460966,29.763352689,30.5451571662,31.479864806,36.169610066,33.723414205,34.575478641,39.464027873,45.8461278763001,38.691226194,43.665950488,43.263722542,43.2352345644,45.2624521870001,51.0735775794,43.888567124,49.549332861,46.055216462,47.9576845340001,48.0741323080001,53.038840008,53.791149419,59.2489404942,52.217479958,53.92476591,57.395461091,55.0512159770001,59.816000772,65.005046609,60.0428829409999,57.986132986,68.1774983830001,69.139503278,62.674225173,62.918283456,72.83703803608,65.197665431,74.7999213352001,67.7790921259999,68.0317799039999,69.3509790700001,69.0645523579999,79.30307891,77.054731357,81.157264485,73.196855596,74.059760709,75.6840685379999,84.9637513970001,79.4424739900002,87.3817704624001,83.0162843771999,80.5697455826,90.2285273318,86.059193108
