10000,334.6784948762,483.158839497919,421.807039428,13.017913677,311.984328372,332.610665347,10.2505684962,455.836541405,327.557111678,434.035836634,422.9344636298,491.94812339,376.8630242526,465.262711720001,282.6776952078,344.731795522,232.644435711,431.237372191001,402.647610675,333.535292578,365.061903875001,490.4854926462,29.266890536,218.4846265868,332.1564746992,421.062660569999,372.232333347,313.5803938889,334.770616959,256.453975515,9.581120084,486.461076987,311.229325479,76.910745353,382.1982131909,10.6380607128,161.7555362482,9.748920824526,10.1258952957,445.040600365,338.427045184,328.5499468954,400.984333544,410.923388077,157.52244125,391.146041785,442.335215634199,327.191152541,35.8884596874,465.273968029,373.908902884001,56.289360936,9.99710259950002,481.163850471,34.974596079,36.8926803032,55.0114568967999,35.777665581,137.86888812628,321.47471313,146.162675732,398.244791005,410.828252628,334.681222222,57.968206553,224.387834034,177.6194088772,452.914503803001,483.725450289,31.602236894,368.359777447,41.1378220515,9.32587330599999,499.8166069371,361.110013621,9.6861392779,154.210231513,428.083680079,318.274540051,10.12462206399,371.0990397486,264.9471348062,365.7009112648,342.077982645,333.087042639,340.677785059,214.064841558,334.719121814,31.862971706,405.952423255,385.942222049,396.910282276,385.2998449847,485.883852829,247.6526316346,253.8296483174,309.8664587294,274.9477330706,56.3642503584
334.6784948762,10000,539.003723040979,567.6269735742,263.7551295064,710.3320575944,671.571456911,338.2056473231,50.0615709406,681.6503700175,562.8481924264,575.7700788526,525.9185380609,622.354217530601,544.0552894032,38.0392078819,651.864085303501,9.51565824430001,566.895630007899,593.8675217769,676.9054456175,631.335667684999,519.4116447942,335.1882200136,34.2687534445,13.1684619591,575.5085005034,620.1160978349,12.4994905201,668.2540724229,33.4770951117,342.8303571334,526.1878939966,710.8059567675,89.2539253124,33.4586154782,260.1477984036,10.2142485951,365.178173502126,345.720937326999,546.4102438434,654.5654041594,669.2199340756,582.091957730201,583.2096486502,41.0554770223,600.375506243,559.2271939172,680.4217595045,361.2829553932,543.099986859401,621.4704781076,134.6089013794,253.2059583294,530.5367258775,170.3350321574,334.534038138099,173.4347636546,154.2336862095,50.30805222166,675.790604631399,19.8181621993,591.205757916901,578.649832000199,664.149003129601,104.4477951854,10.6414017861,40.1484036013,548.573245885401,530.569819553999,184.3679497615,621.687045148201,131.949169018,300.4468118579,519.7143138668,637.9739246249,204.4286240278,45.9566847231,562.528868673201,684.5434671674,376.09596939118,618.3544568716,34.4330284144,624.8676815494,653.393123806901,655.7202192294,661.1393658229,35.7940042527,9.72244242670001,130.0695787025,588.985452030499,611.7087972354,597.6800388854,33.9256875006,524.0349334434,34.3441046925,9.2932912121,707.109765804799,35.2071128449,110.0414535015
483.158839497919,539.003723040979,10000,32.21779259046,512.51482395308,219.48557543892,162.63120930492,473.32396006712,549.218575753081,171.24879223892,20.07545494208,27.10637598412,8.43804110992,78.72945920432,9.16071522646,516.62297709488,132.92247115492,545.59461705908,22.59752675108,41.37352166046,161.17990781292,94.41525032292,13.48310924628,496.17087943692,533.45126745228,562.55012998428,27.23880779246,79.03903137092,564.45144277898,153.36526328892,535.020915699081,472.27483895592,9.06699929245999,224.42941379292,558.60753600708,536.42000889298,517.12156620388,530.882913007879,450.182570823538,466.94428275262,20.92592586992,141.68256370292,156.58931215952,43.88060246646,40.80806222846,512.25151534008,50.10799888608,17.01755348072,172.62601628692,470.14889080452,9.00986692607999,82.25597078092,569.34904407108,514.12728754808,8.38109339246001,515.63472225908,496.742131743719,583.587027215879,536.768345539579,526.93018246652,168.20049285692,515.427771254081,43.53860939346,38.90949220246,148.52125944292,529.845868120079,530.498002566081,529.668334424181,14.07117558908,8.05779049808,522.238141702081,92.2150753809199,539.59376226678,518.04040453092,14.71557238426,109.29405133092,528.175516797979,540.09582037408,29.50382308,177.03498984092,434.19409620414,83.20713017832,535.84521917928,95.6677209421199,136.58867128292,148.59472843292,144.93892753892,541.241961717081,537.777043547081,528.96736768908,36.53072461108,59.33271864892,44.10817481546,557.78200926578,13.34403588308,536.24173289588,539.17375135248,228.63676714352,563.783790243541,556.15067649448
421.807039428,567.6269735742,32.21779259046,10000,505.874313417,143.637498925,87.1768131410002,410.9937091682,587.011516192999,97.4574779750001,14.161513459,12.4409017164,36.743503043,36.3420507573,26.652990399,552.351451445801,63.0096220110001,581.19473087,13.084730352,14.061572294,86.3278026989999,38.5063964780001,40.5124211601999,424.571035229,569.5138938066,595.6701695996,12.307382828,31.925383869,597.4840615033,79.0272699750001,569.958951825999,412.124235095,36.194280715,150.298774379,598.438754225,570.3610588739,497.9037902682,569.704173282599,393.238922870545,406.4303795277,13.388475719,71.267433079,84.6113157156,11.53629084,8.97833446500001,552.862709639001,19.109013779,16.6209704966,96.2595877730001,398.6622951936,26.060493601,36.421639499,605.746154221,503.750501574501,33.080182219,557.487298589,424.148019846399,591.7162112494,576.4406676655,567.96774519272,99.134941763,550.444531047,15.209286535,9.704646255,77.601104119,571.546666732001,563.218980988,567.3678270061,20.550153448,32.690929751,564.335235805001,35.071705141,582.8056858343,456.420585395,33.5919256492,46.473444959,549.4630797826,579.014253643999,8.25155692700001,106.336851377,376.16887182922,29.4085840413,570.6524433322,35.4815611834,64.653388529,72.100554879,68.4446855550001,575.713565364,566.311550084,569.676907466,13.878610799,22.941240757,16.874174654,590.8240638519,28.411454938,572.2728108216,570.728560278199,155.3751910336,596.683486883,596.510261264399
13.017913677,263.7551295064,512.51482395308,505.874313417,10000,377.730191979,404.977185236,13.9813871362,386.166569459,400.585686409,522.230298980001,509.450080392801,498.896927849,454.5793492846,520.289556992,203.6544562273,417.556983213001,159.704616523,519.713396013,487.827412676,408.255614035,444.558495258,498.452336927199,42.451572161,140.4581809038,263.0793400942,507.877306971,452.343707808,243.4229999569,409.193062289,178.405163451,13.680008355,499.436541846,375.834977855,51.457216801,311.0904291489,12.9119884848,88.1373231125999,11.895406542326,13.8612454827,529.518207337,410.279238435,400.8603075794,484.429496525999,494.251217723,68.4913126980001,476.055555924,529.582110863202,400.961802564,51.2651560964001,520.664302026,451.050949417,56.152655954,12.1700819185,506.973308721,38.078435391,50.3683645086,62.5878194601,44.128338232,26.16279998336,391.567919564001,76.2382974849999,482.708897865,492.900734679,404.359513016,40.451428903,151.801416822,97.8842763283,525.765059681,507.946881202,39.443172053,446.578910828,44.3910087062999,12.662715529,499.5397223577,438.919204987,13.4896965256,44.296833847,511.311155422,386.0352694,13.21943199301,450.0238140396,187.9814969202,441.4003656868,415.522764655,407.080428425,416.137715740001,136.651906184,264.288420056,13.776511177,490.640448407,469.521879472,480.325231489,316.8609607591,509.238147039,170.0803729832,182.3387820424,373.4476924804,200.791754551,49.2725176004
311.984328372,710.3320575944,219.48557543892,143.637498925,377.730191979,10000,17.693211919,308.8193672062,732.142197554,15.008694168,172.387852128,148.5361498408,233.217921162,64.5388684945999,202.403931682,659.3644338818,32.50921139,627.316073817,159.894299044,113.790839486,18.077879416,51.618797158,223.1010721032,308.985809104,613.1616187054,715.223676611199,151.566987032,63.127875918,700.576134200899,19.577860974,645.357621559,309.776566995,230.870917788,6.963539931,499.109780141,723.543963523901,367.7100443008,566.3759666884,300.388179803996,300.4451166117,181.007996487,27.593941951,20.5267892906,115.575123767,124.863716304,555.361441209001,98.448274482,176.7410485812,13.701136512,287.9366158726,209.347085776,62.098380428,465.092984664,375.967031925,222.15963561,429.884042316,301.5271954814,429.491852891799,447.900790585,547.296296116441,17.636775768,552.523463591,111.362650196,125.66934624,25.30434387,479.094618552001,621.152768379001,575.861147366101,193.70907568,221.2631653,424.870580400001,53.5718669480001,463.3675993927,341.282322451,222.8845714042,43.897908109,415.6801765645,566.222305067,152.776414853,15.032750201,281.70707245322,61.5285702206,653.2600849542,52.7255408068,30.452556204,26.777739116,25.049749654,615.63320516,707.117915606,478.268629112999,123.986375086,83.1710821500001,107.17864609,746.773111568701,218.25201046,638.4560614106,643.0043504744,7.04374521060001,670.0612485976,477.7926030274
332.610665347,671.571456911,162.63120930492,87.1768131410002,404.977185236,17.693211919,10000,329.0457494752,695.94102922,6.83592962,111.145116034,87.9121818667998,178.313389638,33.2325914254,145.047698168,664.1627685198,13.349319259,664.383325785,98.7316760300001,53.4038289599999,7.18807224700001,21.556601332,172.7312377492,322.446147628,652.4878928924,701.4292826922,88.9571141680001,27.17162625,702.397605575901,6.905458024,685.587050062,327.789737151,176.976176804,21.011337969,532.039487605,682.3524065629,397.2238119328,601.6765551836,310.134636349692,318.7737204477,128.763847283,12.223319951,11.9644878746,58.449032503,65.98094809,594.966982217,43.506281118,115.9562341972,7.280728772,297.2316340786,152.445212532,30.932706816,494.991476696,407.7415993125,168.852123996,458.559904736001,317.8528982654,464.2562879875,474.6075584785,585.454104014481,11.906626866,587.250277565001,51.2102102420001,68.252224206,11.957246838,509.799340946,657.106937198001,615.042868893199,136.219011986,168.793139966,454.429122117,26.128815879,492.6813473609,366.507589025,175.0846629962,16.226422232,449.372202064,603.257673453001,96.0049652190001,12.978357479,292.89557283722,28.1251024114,686.247847352199,24.5366555804,12.99080726,12.191565497,7.71974598300001,654.439615018,669.520079124,514.794434137001,62.0163733419999,37.205658251,50.624788027,704.594416305899,165.960222069,679.1773322136,670.259160135401,23.3700268026,709.634490988,509.6889631234
10.2505684962,338.2056473231,473.32396006712,410.9937091682,13.9813871362,308.8193672062,329.0457494752,10000,448.3002927356,325.5362574712,424.4551111762,412.704291353,482.5453282782,368.0728959928,455.3784318972,288.3636219834,339.3234996992,240.4774530996,421.0427050352,390.939712976201,331.4539171472,359.4196037582,479.9822632198,34.2552109372,227.3172071436,334.9824975178,411.9253477382,364.5146440092,317.617228928101,330.7627220762,263.0376969106,11.2437163002,477.1578928102,307.9996971022,92.2575868476,383.2027889435,10.832890094,172.503244388,11.040737629226,10.430958876,437.1704255822,332.1692679972,323.6053073386,392.0259267282,400.7722868672,169.0631256136,381.4682040872,432.2201999494,326.3573740642,38.8298908756,456.6016082052,363.7364929922,56.2700130436,10.4263550901,471.5519117162,42.5571551682,40.2585308478,52.2715072163001,43.1982779036,148.48840391996,317.2950186992,157.1970628294,387.217428226199,399.2596331812,329.1024654842,75.1516310992001,232.8864829598,188.4591590258,443.6779248512,473.7360551672,41.233220489,361.3684995552,52.3443173358,8.93882864460001,490.9546430724,355.9616330442,9.5555740105,163.5086512464,417.3750658402,313.7068117092,9.72215875471001,361.1350934138,274.2178582858,357.977810255,336.3869470402,330.1424967822,338.5636665072,222.9123091424,339.8072736196,67.2457224116,393.6720829182,375.8287022952,386.4441110782,385.9765343923,476.9750251792,253.8040060172,261.375940818,306.1555465526,280.104695886,70.309390858
455.836541405,50.0615709406,549.218575753081,587.011516192999,386.166569459,732.142197554,695.94102922,448.3002927356,10000,701.086002852001,578.323157145999,595.9452165972,536.788072352,639.1181503674,557.476250742,32.4454445753,674.435084778,122.972393695,588.699971323999,617.11692036,698.05129918,655.524974809999,520.2490506896,475.996885782,113.2261089988,53.6669562077999,594.100019517999,646.96204324,57.9617851637,692.377780058,48.37591749,454.388922878,540.248506868,738.589256372001,267.382143074,11.8591327768,391.9776576158,173.6169630846,461.427428044726,460.6594747766,555.535154161,676.229278586001,687.4070721426,604.928884061,602.008812778,168.638345866,627.639049906,576.0260879828,703.347497386,493.1729965978,554.930545648,640.866313934,306.496556696,378.237174894,544.437722778,336.314456904,476.9506623872,338.3711860322,326.27045716,183.88514052856,694.57746312,188.420401196,616.880004758,599.350941484,681.206805916,276.596243092,123.631218868,147.6025737418,562.03955474,542.90629266,350.27640505,646.534027986001,305.3930379706,420.00641912,524.8034598788,664.908199334,335.906562998399,169.855263907,577.381893326,699.888799684001,484.68395614478,640.256357255399,33.6220750356,649.021534261201,675.347723146,679.614165702,685.002304206,114.895050196,51.552936095,266.785251292,609.616681682,635.00380328,620.161453,12.3301451173,529.048409949,69.4767352708001,91.5307073036,742.8320360726,35.0307070517,284.5193353466
327.557111678,681.6503700175,171.24879223892,97.4574779750001,400.585686409,15.008694168,6.83592962,325.5362574712,701.086002852001,10000,121.551836468,98.3933525108,186.090998842,37.2590464343,153.549758092,671.004514784799,14.767482384,657.345276612001,109.122893154,62.0233112660001,7.23914021700001,25.940810195,180.4910774632,320.975993661,647.902772173801,708.079372206201,99.2346060620001,31.319707316,709.6710361659,7.31586102,679.287853441001,323.642851617,185.526895018,16.248059744,524.641185221,691.075584736899,392.6861340978,596.9269107296,307.082766063922,315.8931896117,138.633291827,12.598915502,11.5572033906,68.242211347,74.825781084,590.987455846,49.90646204,124.7242971212,7.137070724,294.1696355326,161.517177786,35.952126574,487.996296624,403.037254235,176.33112739,452.201986842,314.7420002878,459.811413385399,467.484522095501,579.39659919352,10.724687038,581.643557021001,60.360810686,78.40950928,12.213169734,502.314604399,650.627356369,610.694483346201,144.46892299,176.87549268,448.379289136,30.167404692,486.2135873213,361.297400222,182.1418085281,21.351699,444.37965214,598.296668445,105.263487473,11.393169808,289.946500773221,31.9924532963,687.3846070142,28.2953023064,14.171582957,12.154426564,9.22662735400001,649.287823658,677.626470234,508.383385741,72.692536516,41.29968367,57.97172372,712.666155942901,173.108194773,673.2836264252,674.9797746974,19.04673638,704.1126343823,502.8313591214
434.035836634,562.8481924264,20.07545494208,14.161513459,522.230298980001,172.387852128,111.145116034,424.4551111762,578.323157145999,121.551836468,10000,8.5414440672,24.452872216,42.2391651554,15.298080699,545.9951634563,82.9517078140001,570.049238601,7.418222685,17.453398287,111.945903702,45.845396731,28.1089257752,438.771853061,561.6928063124,589.4547912196,8.742305413,39.58507429,590.5307249339,103.134775578,562.957194912,423.654662715001,23.882067083,177.746645272,583.911882662999,565.4104453769,513.6986393868,555.223694543601,403.60268100377,417.5894383717,12.87667592,92.981886052,107.1932868186,23.114147934,19.851073914,540.745050114001,23.68141521,7.87540412680001,122.523268756,416.2874438306,13.392425912,42.504776607,592.225431945,520.758553419501,19.950630067,540.1509694,442.2417238528,610.0982657304,560.918223678502,555.383864750401,122.105075796,536.603046185001,20.251879949,19.305591001,99.9299219219999,554.177330745999,552.210166613,558.191015284201,11.077057458,20.60695591,549.516275653,49.071071485,565.9535754343,470.575623068,30.4832374748,56.14233639,558.6877149063,570.857235084999,12.813866426,129.1093856,387.36180672122,43.6639341303999,563.2902425682,49.8798849912,84.8200461920001,100.376124322,93.209392068,568.878521821,560.761139178,556.767781338,15.581062902,30.830817748,21.032164001,585.8241317727,24.957033704,564.6718278242,561.4246512614,183.8098508866,591.943906358001,581.089956481401
422.9344636298,575.7700788526,27.10637598412,12.4409017164,509.450080392801,148.5361498408,87.9121818667998,412.704291353,595.9452165972,98.3933525108,8.5414440672,10000,32.5794194988,33.5326977824,20.4671226378,561.002357903,59.1598017168,584.5029049472,7.76336206180001,10.4912150652,87.7697821847999,35.2297631832,35.8997564074,423.0915683188,577.487890583999,601.971366481999,7.27603686119999,29.4013639928,604.720094371099,78.6887011108001,580.2974769832,413.7159072978,31.8745913028,154.1872012148,597.6172310582,582.6713308701,500.4524172416,569.498944020801,394.311943565418,407.2691980745,15.4535210808,69.6426449948001,85.0187087814,17.1028279662,14.9525287068,556.323419711199,16.4244687004,10.5951045456,99.1860273388001,396.3633591364,20.1512603352,33.2926533244,604.5973574572,506.4768974556,27.0525019708,554.530325108198,422.9923530456,590.9810313892,573.3209214587,572.782983661681,100.2297453788,550.2336933262,12.7200120298,14.9728088368,76.4972546647999,568.5650660332,566.9141727912,573.983241091301,15.4124897812,28.3558130472,559.9165838612,39.5296346422,578.3964312295,457.8875011728,37.6810130472,42.8108601328,553.4817155708,587.830769529199,12.5743694324,108.0024571028,375.57068854402,33.9741333222,580.0920839774,39.5359523040001,62.0702752748,77.5331165748001,68.6185042608,584.6356874702,574.119923349199,574.4330841782,9.75628849120001,20.6631178174,14.0735617164,602.3952286087,33.2951472172,582.1279770698,575.953515768601,159.8221651194,608.429212129201,593.2841708906
491.94812339,525.9185380609,8.43804110992,36.743503043,498.896927849,233.217921162,178.313389638,482.5453282782,536.788072352,186.090998842,24.452872216,32.5794194988,10000,93.2642264974,11.659848533,502.0953510698,146.818807798,535.099009193,27.357777013,49.5512770210001,177.053132658,110.720234466,13.9022181822,507.438869452999,521.6193431308,548.9247915042,32.581796355,96.103974184,549.979400627901,169.122164272,523.188623117,481.153639353001,8.071810026,238.076608276,544.791127001,523.7414195369,502.9468564678,519.3916850596,459.199851825544,476.0969428697,24.09171379,156.439503646,170.9605341926,49.002566688,46.746237242,499.6897502,58.6453242399999,21.3609633692,187.64328045,481.514771800601,12.023539124,96.728695394,557.693780508001,498.9970715685,8.56216451300001,505.227324012,506.5954513618,573.1204797102,526.6090268155,517.41608405128,182.25190467,503.510109171,49.37663969,44.213383528,162.812003256,518.114821249,520.298280027,516.7406382331,17.320580607,8.346082318,512.707543242,107.657190174,528.8715052393,507.795538963,14.2614935112,124.942782864,517.1322628847,529.700349873,33.164957407,192.140364884,443.50698159201,98.6063160214001,522.0288563722,111.2135840252,151.018990946,163.411013706,161.096582452,527.413741878,525.62062997,514.833939247,43.201294675,74.439420172,50.86941978,544.696767088701,14.493190103,524.3680613886,527.5162497034,243.1185418606,551.5196462866,543.337529661401
376.8630242526,622.354217530601,78.72945920432,36.3420507573,454.5793492846,64.5388684945999,33.2325914254,368.0728959928,639.1181503674,37.2590464343,42.2391651554,33.5326977824,93.2642264974,10000,61.3171634274,608.6259896492,17.1951931304,634.884945393401,37.5214903194,21.7879287593,33.0047932873,14.6911258564,91.3844238486,370.1515386626,628.161751133201,650.938896641601,34.2466754253,13.7551253946,652.0312077873,29.8788409604,627.667407396401,368.7871912206,92.6872653634,71.3124580986,593.9033686026,626.590027254301,446.3645286824,619.718412239601,348.628809283296,363.388012338299,52.1499926126,21.1797893414,26.5904253231,26.0244694783,19.9699098026,610.0257972844,16.4918103164,45.2304710618,35.5415283074,344.4143777972,66.8282474414,8.4237165433,554.190375960601,455.4701608131,82.8218850954,514.6462912766,367.5487430894,526.516338792,531.4908484791,624.745750382799,33.9295746224,603.2847202934,20.1603621643,29.7913420916,24.7876527106,569.464901649299,615.859766317399,627.6718410286,54.1303383654,82.8304722854001,506.9700050136,9.1751514634,552.2456406093,413.0519356886,95.8125004096,15.3216826496,498.5369086112,640.2582879124,40.4855958653001,37.2147146353999,333.50378921982,8.3157121387,628.908374837601,10.3333153114,19.0269813414,25.6067555673,25.6121811506,637.490884004401,621.449734263401,564.4065443786,24.3182058834,14.7819196373,19.7804064493,646.662205857701,84.9803458884,628.500766810601,625.653839171801,76.4754999632,654.0808518897,572.333979294
465.262711720001,544.0552894032,9.16071522646,26.652990399,520.289556992,202.403931682,145.047698168,455.3784318972,557.476250742,153.549758092,15.298080699,20.4671226378,11.659848533,61.3171634274,10000,523.9167260348,115.876075768,552.376040412999,16.852815011,32.168962414,144.018564916,75.5603123560001,15.9357789762,473.758475707,543.9266781604,567.9324426818,20.455409122,61.252646974,568.9683900909,136.033789352,543.527771682,454.506411867,11.289754543,205.820386146,563.509071832999,543.8515429169,524.712595048799,536.6046291296,433.306315102544,448.0650369797,15.590944307,124.410388876,139.8631298726,37.087915211,34.094698001,520.399194769999,39.158263569,11.7768255032,154.56419846,448.2435986636,7.94511202699999,63.234594584,573.52961483,521.897014147,10.070389037,522.553863563,475.1682991538,589.2068677904,541.792809257501,537.01047959748,150.9812505,520.582306305,34.711983124,31.483491854,132.019530366,535.619714498,536.589442917,537.3214442191,9.803954018,10.223406997,529.512116903,74.819973774,545.482763653901,500.188923012,18.4052925662,88.213021224,536.166916916,550.199314944999,23.765229221,161.112845674,416.805272503319,65.6462640114,543.758542490201,76.7608843352,119.079811306,133.739576986,127.004491472,550.405459312001,543.23317173,535.404710095001,29.383946357,46.5965088499999,36.018486554,565.4209725231,14.45430141,545.7185314632,543.7443861514,210.6474379006,572.0762261266,560.5468140334
282.6776952078,38.0392078819,516.62297709488,552.351451445801,203.6544562273,659.3644338818,664.1627685198,288.3636219834,32.4454445753,671.004514784799,545.9951634563,561.002357903,502.0953510698,608.6259896492,523.9167260348,10000,641.5750286163,45.0766005843,553.2930875828,582.7940582918,668.0501097343,623.8103511028,495.5367962034,296.1783005228,10.7663486075,47.7334387249,559.2261108558,614.7904050388,48.9202731114,660.127962009801,10.5230494828,293.5477646868,503.0748493018,655.8327121983,84.3021488218,10.8513179633,207.5267323621,39.5659502136,312.401112644026,296.4403146207,527.662404523299,644.5508052518,658.0027608544,570.7572906058,569.2420101788,10.6863101538,589.9457336368,541.8470035976,673.0044972418,328.6298673476,520.666470328301,611.2762551263,111.6212902193,197.2959994218,506.9892215403,134.0250770498,301.845575185,152.1286347428,127.2502625578,10.11591290244,664.652586039801,38.4834333863,581.0744135428,564.2929289848,652.0599950298,83.9310188983,40.4162085408,9.71581582109999,528.7631953368,509.6809117448,149.5274822688,614.8212383338,108.2781838469,248.4273918223,493.953883054501,632.4081793198,152.7873200942,13.2976039138,544.626300215801,671.047302276298,325.43691423508,608.342640216199,10.2739476948,616.625250858999,643.3737303683,647.8457729408,653.4029244438,11.4672787673,39.3176190408001,80.8142351507999,575.6307061498,603.5303488643,585.3064096648,14.2505869422,501.3949561773,10.7272115645,40.2866649035,651.453326434199,17.1587989433,92.9005956122001
344.731795522,651.864085303501,132.92247115492,63.0096220110001,417.556983213001,32.50921139,13.349319259,339.3234996992,674.435084778,14.767482384,82.9517078140001,59.1598017168,146.818807798,17.1951931304,115.876075768,641.5750286163,10000,663.738696238999,71.0890878,40.399105352,13.340099565,16.643889935,140.5186950492,337.771329405,662.0901154148,680.3983936672,62.461166678,21.228365176,681.2030585859,12.949276935,660.927670808001,338.90290211,144.962832604,35.8735266949999,549.305006043,660.174151810901,409.7266137108,619.0475583088,317.150680877544,332.2986546357,97.481086633,8.092600152,10.0299787136,45.819761678,43.13011627,609.463622521,34.417205342,86.7758777772,15.446903545,312.8548788356,122.810697082,17.156786784,516.155886560001,420.8097303825,136.680635986,476.930828086,334.9812652618,485.6262215115,493.230235785,599.873471509521,12.68844781,605.9895224,40.3673860760001,46.512923917,9.27677945099999,527.532598933,645.422437952,629.310227749201,105.302537996,134.395343026,472.324420817001,14.16311684,511.9455321687,378.075560875,145.4803812102,13.858262738,462.3321512906,617.243331557001,69.9120520890001,15.628214983,302.90089715422,15.7062693864,663.3642049662,12.7474609572,7.40094233800001,9.714413409,11.474426804,666.253728723,650.36271632,528.424252618,44.246655136,29.177516249,38.192917695,681.396674270499,133.713516329,662.2372301432,653.8341029324,39.2634108356,688.863460537001,529.9852228254
232.644435711,9.51565824430001,545.59461705908,581.19473087,159.704616523,627.316073817,664.383325785,240.4774530996,122.972393695,657.345276612001,570.049238601,584.5029049472,535.099009193,634.884945393401,552.376040412999,45.0766005843,663.738696238999,10000,577.158244109999,603.807749397,665.336194827001,641.597256877,526.8823861936,221.449079661,36.1859398668,10.8737523854,584.324939768,631.151369647,11.2449607624,669.411713666,36.979794874,246.431386548,533.67215623,623.09644258,10.816487795,46.2984527949,154.1140915028,9.7986026172,269.561931893726,246.0791953216,556.094871723999,664.426027459001,664.0501246894,595.784430241,595.893885830999,40.456486974,611.15497784,567.7053338268,658.303030675,252.2629455308,549.493481778,634.41120849,27.895144321,149.830307418,538.057117814,50.110958444,225.5243367132,65.1181216316001,32.407890186,37.42466270916,653.426002284,13.495721443,602.528582387999,589.156292923,670.379809076999,11.182087714,11.666114386,37.4636572389,557.331050302,538.73261602,62.133430712,634.201187136,12.2989185548,197.983439228,527.6294261277,648.925043700001,99.0734420754,38.566058886,571.704115655,646.447425539,277.38933034178,631.2592678244,38.0660760568,636.0419146582,663.760731019,667.369996548,670.921903783,33.608912974,10.295483626,43.9839669749999,597.423663591,621.325133114,607.771461939,47.7243850527,530.521983366,37.7333882541999,9.2137913748,620.967291549401,32.0354952024,11.0240690463
431.237372191001,566.895630007899,22.59752675108,13.084730352,519.713396013,159.894299044,98.7316760300001,421.0427050352,588.699971323999,109.122893154,7.418222685,7.76336206180001,27.357777013,37.5214903194,16.852815011,553.2930875828,71.0890878,577.158244109999,10000,14.505446134,98.172639908,39.815115451,31.1884642302,433.445545143,570.4215015664,595.2001220062,8.231640305,34.625914473,597.4820576959,89.534710794,570.051830395999,420.869093531,25.928748576,165.449059418,592.241349542,574.110645911901,510.8478915312,565.5832736276,401.534077906692,414.3214916257,13.919438027,80.764405718,94.5457353446,21.246892472,18.484456384,551.233151898,20.267327157,8.6464633802,108.953507362,409.5782973466,16.314257819,37.763635884,601.492571239,517.836990125,22.23011705,549.315129010001,435.5642052028,604.3114072481,569.0934971165,565.867526425481,110.083340092,545.573721999001,17.823649655,17.906167002,86.5542898879999,563.359252810001,559.048944972001,567.878094605201,12.167916122,22.925876797,554.892266784,42.769167702,575.360830230699,467.190648531,32.6740225092,46.732168145,564.3671612289,581.568789199,12.816715245,118.352254116,383.383717865321,37.6407972651,569.8152427642,43.733082584,72.746451808,86.6444107979999,78.750089534,577.864986749,565.913502516001,567.450920109999,13.326788826,25.733481806,18.451391902,594.700415742701,27.451987368,572.520992242201,566.528320311401,170.3656913226,597.987974062001,589.3372953154
402.647610675,593.8675217769,41.37352166046,14.061572294,487.827412676,113.790839486,53.4038289599999,390.939712976201,617.11692036,62.0233112660001,17.453398287,10.4912150652,49.5512770210001,21.7879287593,32.168962414,582.7940582918,40.399105352,603.807749397,14.505446134,10000,53.886467678,21.798076268,50.2940400142,398.537115844,600.7140895028,621.999827670201,11.034929097,16.336486952,624.689523439901,46.878193046,600.357831762,394.151329873001,46.882031836,121.38786687,616.255118387,600.7742543679,477.9511848636,589.1579138144,373.513325100618,386.4776826197,26.174148771,45.177773865,53.7797666746,11.899106637,12.31280728,579.119681819,8.754289063,20.1816684658,62.293241754,370.7621630016,34.4105808800001,21.050016702,592.931897544001,485.1149241508,42.704678961,550.915140982,395.7062868008,563.9535065508,567.495210170999,595.19813594656,66.436897984,570.682452607,8.541372812,13.316856575,48.6589355559999,585.469968052999,586.038391415,596.4910149612,27.844849624,42.220354718,540.871513964,26.159137761,588.6373808987,437.579356897,52.7098860732,25.779117724,532.3421859616,609.518076647,17.153023371,74.3993146380001,355.06804382022,22.5098423484,600.7817059102,26.6584912982,42.9697552,47.796531243,43.983779609,607.777281054,593.080820248,595.464229463001,8.02170191,10.06199961,7.88128647600001,622.040183205699,45.619148595,602.3030756322,593.913290940399,126.5107240446,627.9506252783,609.485598623401
333.535292578,676.9054456175,161.17990781292,86.3278026989999,408.255614035,18.077879416,7.18807224700001,331.4539171472,698.05129918,7.23914021700001,111.945903702,87.7697821847999,177.053132658,33.0047932873,144.018564916,668.0501097343,13.340099565,665.336194827001,98.172639908,53.886467678,10000,21.921533909,170.4541679372,324.294231907,653.217827212801,707.562549890199,89.6375026459999,27.388248141,705.8809149899,7.41610752799999,687.291859482,328.551343767,174.481053412,20.927421981,534.197272364,686.1667292179,399.6863579728,604.418944085,311.798554899996,320.9761314377,126.697663911,12.316931179,11.8360784247,58.0947059410001,66.880904648,597.494978293,44.215206458,114.0906134552,7.387235375,299.2523046052,152.08742682,31.83639818,497.981288627,409.678568398,167.208808574,460.433657233001,320.102072363801,466.3264070712,477.2443103685,588.30418617348,12.151124002,590.531408932001,51.273012244,68.545799244,11.436820288,511.497246415,658.053533630001,616.8581494712,133.513275904,166.272501884,456.1950583,26.193516194,495.7260405997,367.242352562,171.7220176502,16.719806561,451.744498136,605.519373476,93.320423047,12.17150875,295.57681677422,28.2216068833,688.3533724822,23.6330309498,12.908656247,12.129041709,7.688723919,656.796574226,673.53970579,517.05300061,63.01894978,36.165108851,50.361857383,707.9034881727,164.172693124,678.9401867112,672.9391178034,24.6165018517,710.5250827683,512.551758195101
365.061903875001,631.335667684999,94.41525032292,38.5063964780001,444.558495258,51.618797158,21.556601332,359.4196037582,655.524974809999,25.940810195,45.845396731,35.2297631832,110.720234466,14.6911258564,75.5603123560001,623.8103511028,16.643889935,641.597256877,39.815115451,21.798076268,21.921533909,10000,108.4855679072,355.762786674,641.712984435201,659.525360877201,35.429388684,8.495755714,662.0919582569,17.576482154,643.381483956999,358.761516,106.793820422,57.35132739,577.438783074,640.929588655899,434.2545023848,627.245129365,339.441888920544,350.2441298497,59.057238221,18.886396027,26.1500437446,25.903211851,29.597004426,623.319112241001,15.859897862,47.4702083188,24.957750226,329.2422804716,80.6655107700001,13.3238131,538.870792328999,444.9794477075,98.0306938439998,499.585697042,352.6732993308,508.4402240131,516.0671479465,629.46316841948,31.274480192,610.868730836999,20.131539892,30.394732065,22.66836613,552.570965317999,624.94760046,637.7271810442,64.276831464,97.3315360739999,492.327416697,12.39954254,536.475402006301,400.190062937,111.0228217582,7.989389581,488.6548746026,647.132896027,40.966582759,34.72805389,322.14020848922,12.2853207514,643.3402051902,12.7819211864,18.11214835,21.987780081,15.469278428,652.220210606,629.162484136,556.219026821,24.519755138,12.714631232,19.42309606,661.0305059999,100.177121487,644.3330698792,632.2696267884,62.6051344346001,669.853567748601,555.3174945511
490.4854926462,519.4116447942,13.48310924628,40.5124211601999,498.452336927199,223.1010721032,172.7312377492,479.9822632198,520.2490506896,180.4910774632,28.1089257752,35.8997564074,13.9022181822,91.3844238486,15.9357789762,495.5367962034,140.5186950492,526.8823861936,31.1884642302,50.2940400142,170.4541679372,108.4855679072,10000,507.2817758472,514.8207592256,541.7970178548,35.0361450362,95.5541590652001,540.567047937199,162.7406095032,517.0869194206,479.1094098662,14.2499286782,227.7414075172,538.889308175401,513.4752745575,504.957598216601,512.0485003104,456.017296898744,475.038752943901,19.6475301472,149.0269336172,166.0016876738,51.4303657251999,48.4306321191999,493.2075059286,59.6786341112,24.849737514,182.4026372012,480.872262300801,16.1198427392,94.4745779452,552.2178484556,500.0077339559,13.7542477382,503.8056030782,507.104307979601,564.958051696799,522.766057632201,510.36375499496,177.5992824612,498.2105371796,51.2629107072,46.3404190052,156.2898398672,515.878332746799,513.5928392076,509.1497259487,20.6649214162,14.1332390012,513.379863625,106.0570629252,525.7383285469,507.4484819162,10.6117984986,120.3889915452,510.4783996146,522.6858888706,33.6003142732,185.3462679652,442.59416104521,97.4159928626,516.9317684618,110.2132216964,142.9345117872,157.9177044472,155.8026753732,521.1268777986,520.326161665401,510.0490922516,44.4764532562,73.5738593832,52.1041978172,533.5780245843,9.5579923092,518.9914955278,523.084024782999,232.0104006918,544.2143219339,537.9644712169
29.266890536,335.1882200136,496.17087943692,424.571035229,42.451572161,308.985809104,322.446147628,34.2552109372,475.996885782,320.975993661,438.771853061,423.0915683188,507.438869452999,370.1515386626,473.758475707,296.1783005228,337.771329405,221.449079661,433.445545143,398.537115844,324.294231907,355.762786674,507.2817758472,10000,225.1033771482,330.5650704342,422.965667746,361.524236796,307.8485841559,324.523575088,264.660526679,30.737115175,499.010287922,308.184970697,53.544921186,398.8637287039,29.7045247628,148.9928881736,35.675957951526,27.8524356403,454.343897418,331.930320794,325.6109999584,401.954884479,409.714015168,164.692558348,384.988145415999,447.1747551952,320.50935544,10.4437250954,476.92607384,366.510459851999,32.250770587,38.7550352095,493.967218014,12.07802196,11.4181723886,32.8731489928,11.33978121,145.37518139872,319.320975223,135.481219939,393.415553744,411.792991891,329.855216477,33.112397599,215.861326759,183.0255650382,460.480159124,497.525299463,10.424040347,360.569329936,15.7523712513,34.998091768,512.3491312868,349.138299442,39.8931592646,162.853590671,432.041682777,317.758488312,29.22103823989,363.0687352646,275.4956916842,357.7212598528,336.713186084,330.28558509,330.797141698,221.121499282,334.212744995,61.618658177,404.007300963999,378.190729608,392.939354648,401.3749593289,502.169309904,253.5743739976,244.6321620274,307.1250092524,281.2113691773,31.8958911714
218.4846265868,34.2687534445,533.45126745228,569.5138938066,140.4581809038,613.1616187054,652.4878928924,227.3172071436,113.2261089988,647.902772173801,561.6928063124,577.487890583999,521.6193431308,628.161751133201,543.9266781604,10.7663486075,662.0901154148,36.1859398668,570.4215015664,600.7140895028,653.217827212801,641.712984435201,514.8207592256,225.1033771482,10000,38.896051083,578.294173768602,630.4768469708,40.8952022242,657.022546355401,8.74486906140001,230.5964608908,522.72845044,609.738558513001,48.4231295184,9.6261059987,142.1315951404,32.6706870082,249.867683265526,233.9969928407,546.6144122932,657.7984992662,648.4516039886,587.403236292601,586.095982211801,11.5520937514,608.605156476201,559.9079351526,646.3609053688,258.2355360686,537.497625141599,629.1466954068,54.9493181454,132.5098147468,528.5490491558,68.1042092978,233.0739699606,91.8991355054,60.5757410218001,9.26692523235999,637.442776908801,32.7261842498,599.1531898708,581.260701383601,652.9455000282,41.9082112956,33.5068962964,9.5801409603,547.855701001401,526.9039745558,89.0798020058,631.4546994998,48.8309858484001,184.6980459016,513.2408004152,650.5256735002,90.8196578882002,10.9922417062,562.9910547556,632.1016669464,264.17211944458,626.633276316201,9.1995080266,633.7057925616,660.9658885514,653.3144818828,663.4444910938,9.01649256320001,34.6945185304,8.7773147358,594.300351474,619.185574785799,603.0828621804,15.7435000487,517.7497293484,8.99558119399999,33.7891093442,604.6131618398,11.6948752569,46.4067399032001
332.1564746992,13.1684619591,562.55012998428,595.6701695996,263.0793400942,715.223676611199,701.4292826922,334.9824975178,53.6669562077999,708.079372206201,589.4547912196,601.971366481999,548.9247915042,650.938896641601,567.9324426818,47.7334387249,680.3983936672,10.8737523854,595.2001220062,621.999827670201,707.562549890199,659.525360877201,541.7970178548,330.5650704342,38.896051083,10000,604.0539917042,652.5001438892,10.2367128318,698.6907026712,40.0876460453999,342.1020813822,551.6586481182,710.7529087476,74.0236724328,43.2986395719,256.933320916,17.6719943354,364.626135502526,344.5235750798,571.3078826292,683.855345277599,699.1389278834,612.7239875546,611.9298130856,50.3696816418,631.218603184201,584.977757423,709.4468458642,353.642121365,566.8992700602,653.2366194756,119.7579422302,248.8303137276,553.813638606199,164.8061377128,328.0635264014,158.5845520954,143.3831731902,49.4984507165601,705.000482322199,34.3101363382,621.0934465052,605.6552036436,691.5044867652,96.7196939522,16.1831359262,43.5306313983,574.6975799328,555.4961410126,175.2908562776,653.8369504186,120.5115575988,296.5492835446,543.509029055,669.7179084882,197.1469523786,45.8568886744,589.0865837356,710.529116728199,370.83359102398,649.914650348999,40.5326397648,656.1167444368,680.840224020201,685.4581873052,690.7752087836,37.8723599734,14.9950285076,121.8249094902,615.122237580201,643.2954151962,628.7570449962,36.2558193209001,548.7381311592,39.488407065,12.6128340752,707.5068040556,31.3958527449,95.4133163248
421.062660569999,575.5085005034,27.23880779246,12.307382828,507.877306971,151.566987032,88.9571141680001,411.9253477382,594.100019517999,99.2346060620001,8.742305413,7.27603686119999,32.581796355,34.2466754253,20.455409122,559.2261108558,62.461166678,584.324939768,8.231640305,11.034929097,89.6375026459999,35.429388684,35.0361450362,422.965667746,578.294173768602,604.0539917042,10000,29.340462082,604.6405046239,80.2331067420001,578.619414011,412.766961353,31.521758919,157.675121306,597.117912169001,580.5302300219,499.913810038799,570.8423209796,393.500416604344,406.8934522187,16.074585245,72.272538496,86.3518845026001,17.078256153,14.294340711,557.58737623,16.369915536,11.3929993268,98.72540547,398.0982759776,19.354656516,33.46656734,605.564840196,506.0447074968,27.266658786,553.832903202,423.6468440444,592.803934297799,573.762568471999,572.1665138084,99.7373802299999,552.973080361001,13.129787913,14.190743059,78.142927516,566.877583409,566.631008279,574.8844494702,15.685708405,27.563919414,559.568105987,39.1664450340001,580.290791619301,456.403731053,38.4810477151,43.224670833,552.7458369453,587.19696116,12.673965217,108.851769124,375.24910644022,34.1557176494,579.367519184201,39.9492520404,64.829794836,78.0967864159999,70.7560411719999,584.856505887,573.513115451999,572.522989166,9.491530172,20.598320454,13.795053352,601.2355956195,31.799795127,581.652692932601,575.9876867544,162.3635265306,607.3786871233,593.7648468591
