10000,424.678285019,550.83228658992,492.386268124001,15.402991213,372.853490979,397.474580301,10.3848923562,524.730397470001,394.088015493,506.215846056001,494.2466575908,558.830556615,443.4150649396,536.362555006999,370.3543820778,410.560121177,327.164607156,503.682974327,472.776506402,399.681834173,432.919248674,555.7865593574,32.918045626,311.4446455142,422.8923620552,493.072518058,439.972579271,405.0924943409,400.370906379,347.785493769,9.581120084,556.788749451,371.869161532,179.204379088,460.7428315479,11.0102423218,260.1688091722,9.748920824526,10.2714602957,517.270913925,405.254126419,397.1049045154,470.172350275999,481.151016127,251.033562053,460.293711311,514.4856280142,394.45364992,40.8181731674001,539.126678072,440.465867195,139.227770317,11.5133610915,550.759812179001,96.687865006,41.2457019032,105.2913770392,112.9370975415,234.97954307936,388.156313190001,242.338187785,466.910862155,480.688608869,400.431422732,156.691239033,319.768104977,270.9907704152,525.004430026,550.874938071,83.970491116,434.591747496,136.6919962613,9.51303030599999,560.8442351604,427.710468471,73.4333016150001,251.095938065,497.694949351,386.827047296,10.22236681399,437.9407803896,355.0291192432,431.1232391628,409.548771269,400.004672765,407.537419259,306.707121593,422.478007558,147.321298275,475.774538085,454.618452288,466.207039099,467.0528126457,552.879454842,338.9487950232,349.530841303401,369.5289992444,365.1353663876,158.1825309701
424.678285019,10000,610.86867017198,639.2191333424,358.0905331969,765.659760067501,744.4203304414,424.1407568806,102.4526974116,752.1447492954,633.7291094476,648.330508154601,599.0049922734,691.028089048301,616.8193804809,45.2473373019,722.5739714714,23.8863548841,639.9761672279,666.092903529401,747.903632709,704.8424710082,591.978407732999,429.5035891554,65.5152519245,14.0116558491,647.3640851145,694.6062647839,13.9013433201,741.5519869554,43.1069590917,430.8702804866,599.9952766874,765.382202905401,190.9451153424,44.2588508901,351.9455544152,94.4715115042001,446.378610676926,434.4294194651,618.6206316209,726.1585890394,739.5777911271,656.8743309654,652.4928635662,126.6429805865,674.222333023599,632.614951484199,752.1335181409,451.4894760342,614.508824596901,693.003693115499,236.0133037569,345.3301685679,603.812692440101,277.1987056675,429.1086411108,272.5835851346,258.1362526815,141.17419428116,747.1198451609,112.2855238169,664.800319075501,651.848767417499,734.2689915769,210.3955918686,28.0276598874,105.4466918652,619.954658713099,603.6695091469,287.2363822228,694.374290602201,234.470271768,387.8511314374,592.6049014202,712.4510618839,297.8323177143,127.3179021161,632.120615002401,751.1477968214,462.52748462077,691.405272279599,44.4566428244,698.8147130834,723.207581299599,728.442185183199,734.013710195,72.2056026527001,9.84885375670001,223.4192265324,660.021305339401,686.057867035,670.7787753329,48.4071914875,594.505040691199,46.0756192725,9.7701865967,762.2164550856,45.0789964789,210.4107489636
550.83228658992,610.86867017198,10000,42.47696576992,576.743009855081,265.03035530892,209.90391771492,543.06202028112,616.70210920908,218.88395232892,21.98376834208,33.58728274812,8.66566931992001,126.84466216432,9.55532690646,584.63869842288,181.64203829492,616.79746175008,25.50518262108,69.92817386292,209.22371448292,142.75130728292,13.88663579628,567.44181300692,601.78463238408,635.91214484728,33.81728385692,126.01665049092,636.77773841298,201.87093624892,604.51992348108,541.380897644921,9.27729615245999,270.31234514292,629.99035146408,606.89512398698,581.617152570879,603.60473339268,522.811242663464,537.778975846161,22.21313265992,191.43086131092,205.59481199952,72.84301500392,62.63282578492,581.60174813508,88.01379801692,18.57317777072,219.07064762692,545.82902026452,9.90694268607999,128.95454842092,641.13785178608,578.769800361579,8.59005408246001,589.28381326508,571.10891715372,652.71170859548,608.61507335408,597.60710776444,217.91240506692,587.49087542408,75.2428748229201,59.19537435892,198.50372676292,602.57941739208,602.035867682081,598.16103882228,14.97143703908,8.30437293808,594.446667855081,140.06020455692,613.57967572438,576.28386533292,15.20030057426,157.25294495092,594.98022915308,610.07496122208,33.05160597,226.46221842092,507.12631117314,131.65701851832,603.92871555928,143.55449236212,185.17227663292,197.58136386292,192.54542998892,608.353638462081,610.20974540108,596.939164326081,60.54875803292,104.47286149892,78.94235102892,626.45688233998,13.68302830308,604.88771196588,612.20436593448,273.73314277752,631.33876993108,627.72949645448
492.386268124001,639.2191333424,42.47696576992,10000,571.420608734,191.494408485,132.008766881,481.3685988822,651.11233293,142.351810135,14.513827119,13.3477623464,57.018897363,47.3207604304,29.745868169,620.8674904758,104.713668721,648.706118821,13.891000982,15.051639644,132.378931399,58.663916299,58.2564787042,498.413818283001,637.815688270601,667.2792692238,12.757627428,42.910055117,665.296345215899,123.580647535,639.276623799,483.065298682,52.176767139,198.156006339,661.589127729,639.0165950009,565.4214153898,638.016688953,463.88588798007,476.4866819487,22.844656139,113.660081509,130.3273672956,12.26287366,11.321455218,621.123857282,20.390278029,17.5240530466,142.302091913,473.0917972426,28.970490187,49.353356087,668.304304651001,570.864109966501,44.115503081,622.895668159,498.5900612968,657.324785457099,640.1380646185,635.039919452721,145.098573783,622.079622399,16.566465605,9.793792695,122.206036799,636.535253932,632.995735691001,634.952709486101,22.844389268,43.646441401,626.309532862,53.635331337,645.6099179677,524.234979576001,54.1979953452001,74.0751181670001,611.451329947601,645.835687652001,8.593748117,153.289901567,446.58777510022,46.8150000174,638.936809018201,55.6241305182001,106.761136399,119.223062529,112.565306635,645.714983499,636.900286174,635.363581268,14.352632039,25.442155107,18.589258184,658.6513808189,46.964517154,639.927768533599,640.9291351252,203.3417082436,664.513546071999,658.955677472399
15.402991213,358.0905331969,576.743009855081,571.420608734,10000,445.565804999,471.154442566,58.6683980262,463.547025982,466.40264847,586.542742300001,573.4581596808,567.76187804,520.9733177466,582.762017069,297.5263001198,485.115770013001,260.683171489,580.493808906,554.318026775002,474.353125778,511.938438776,564.263229585,49.420447848,235.3254360898,357.7274296572,574.579615765,519.76189718,340.9994209419,475.73630961,272.930101429,34.566820845,567.863113506,440.385236935001,106.069136201,396.071668206899,13.2280532148,188.6387916886,69.299677847926,53.2530716917001,587.611741233,476.442628408,469.0909345794,550.198421416,561.418706833,173.458414265,543.313896211,586.9839277212,465.984169111,81.7451229494,584.556937635999,518.112471600001,79.7027747899999,12.4888472185,574.003486934,49.746571821,70.0391003786,77.2715396967999,54.5647121069999,155.50896319848,458.941901011,171.354201068,549.974940618,560.243169542,472.845449715999,84.772505715,248.902995464,194.7189313452,589.815076010999,573.898968622,46.322208833,512.285281567,67.9802082847,13.746760789,567.6767118108,503.947763097001,13.8198897846,172.867359835,577.631780016,457.07429384,79.19666525678,515.1088634806,281.8645162562,506.1857988058,481.860949485001,473.737132248,482.135673822,231.32845097,357.790767141,33.277274983,557.868667508001,536.260802322001,547.586981468999,400.4972040835,573.938874796,262.7542437372,278.1546115534,439.714788301399,293.178008717601,87.2225074783999
372.853490979,765.659760067501,265.03035530892,191.494408485,445.565804999,10000,19.833323994,368.6198407722,800.661476883999,16.309997078,216.985981828,193.2703583808,278.485644212,106.4835826546,247.906971222,720.4081502123,47.235077614,689.978328944,204.831729464,158.733596556,20.331438396,90.6384103160001,273.1595419062,366.329593248,674.2924569956,773.8942140862,195.207017512,105.240399248,760.951611403901,24.14400585,706.563895352,366.772128995,277.734641648,7.03643890100001,563.862672997,787.140602222901,434.7894929832,631.0244120496,353.284009774618,360.1488518637,229.507350167,37.884479636,23.5932835906,161.847761767,170.559719394,617.842502733001,142.544601512,221.9177090112,15.335473412,342.9612782856,254.134523786,104.342479198,528.347635283001,443.6337960745,269.39757703,493.446012276,361.5596966048,496.0143366164,509.1524804465,609.861855049559,18.819010688,616.496690835001,156.587525676,171.170191584,29.612402546,542.914653327,683.158231109,639.0630676762,238.69024946,268.15989862,487.508755713001,94.7823798279999,527.353149989799,404.811298893,275.1011479122,76.0850704180001,482.2623071279,627.830162536,200.579189173,15.819754801,334.08076712322,102.1179911106,715.8105090942,90.5383919468001,44.789613596,35.633443426,36.34577311,675.514819413,762.759145627,542.962390864,169.464597646,125.96369519,152.88654486,808.147951407899,267.07201697,700.0304911952,703.839279701401,7.05020541060001,729.9314536983,541.9837585697
397.474580301,744.4203304414,209.90391771492,132.008766881,471.154442566,19.833323994,10000,393.2874696952,760.17741339,6.91262491,157.973872674,132.6807433868,226.361489628,44.0930527106,191.438914068,731.841810598799,14.144250189,725.412850197,143.94559794,93.359622242,7.18807224700001,24.959675012,221.3465341622,388.452594558,712.707269990801,770.4734276122,133.831454578,37.8159432840001,769.465941408901,7.144580724,743.52814003,392.370527124,223.983685064,25.129740178,598.019391341999,749.9186767749,463.482490991801,667.3514784336,373.775710729692,385.0523984457,175.004740433,12.582904251,12.1715321646,100.391403353,109.33387137,658.099119874,75.770337388,161.8872908572,7.32868850200001,364.4401884216,198.971026472,40.006820034,560.834636506,471.1484800088,216.131916866,524.481681310001,385.2326441494,531.802564811201,539.6648972765,648.630673872399,12.239228536,653.48490847,90.998737102,113.057755646,12.549897208,574.781360780999,719.392550636,678.468445390199,181.127700706,214.357743506,519.040430125,30.925221374,558.220458257299,430.537204244,224.5239152782,18.901563872,514.3280320553,665.22037276,142.748673249,13.356555579,358.83022643722,37.2471565466001,749.6974518672,27.6091085728,13.5339108,12.466793117,8.194870053,712.457808354,741.56437494,577.282831468001,105.417922172,60.681617586,87.449855976,770.7661082777,215.478851946,737.239032758201,734.0785146884,30.7330232626,765.578438137,575.2569226711
10.3848923562,424.1407568806,543.06202028112,481.3685988822,58.6683980262,368.6198407722,393.2874696952,10000,519.5446125474,389.4064389122,496.4394775632,483.459493867,551.228415071201,436.0139911768,527.9949620582,368.5529122984,405.4882033222,331.8095817696,492.9519815712,462.0621147742,396.1303133772,424.2389351902,545.1851946498,41.0365578972,316.8631735862,423.4221031406,482.3947666562,430.1639584062,405.5430501723,395.9037498792,351.6753871774,11.6732593302,548.8276952332,366.7877538072,188.9276060012,456.1914378203,19.467039124,267.8608475606,11.259038149226,10.560491056,505.9986189352,398.9539334072,391.4828359056,460.2927812422,468.9680284652,261.526041379599,449.6534670192,503.9605499304,390.4133083272,44.6347200156,528.2355889322,432.7249660582,150.4534496102,29.6390521501,541.882115461202,111.6728575756,44.8247988278,117.2434549031,124.6499515629,241.42093031412,382.0521359332,250.8729312146,456.6824569972,469.1815042712,395.0101322192,165.4913037534,323.1946439046,279.0392512265,515.6872094782,542.6643395942,102.440159471,427.1670817922,145.2718485639,8.97569150460001,555.5909078034,421.5148946442,86.9374111943001,256.0428921716,487.3525345662,380.8295077032,9.90537803071001,427.816557390799,358.5910724718,423.739266080001,403.3476138592,395.2453953212,402.190281442199,312.2125514644,420.8554893204,159.0179062806,465.5888014332,444.994555405201,455.5466368262,462.7025141643,546.221686361199,343.6301704496,352.135465933,365.3082415376,367.4437820067,170.2532608938
524.730397470001,102.4526974116,616.70210920908,651.11233293,463.547025982,800.661476883999,760.17741339,519.5446125474,10000,767.301788324,645.621024099999,662.843829017201,605.188433129999,705.633038499399,625.872304894001,141.2969029513,738.308904454,204.386634145,655.397768332,682.640514387999,762.948858912001,719.998860562001,594.7526722416,547.898076215,197.3855281178,119.6676476238,660.880871424,710.783038436,135.0414040124,757.453550925999,160.332124098,525.311626811,606.58103982,804.536416483999,359.74066408,16.4264330343,465.8405496364,268.1742811772,531.087089475726,530.070359420902,624.349901026,741.862437578,752.8244198626,670.246260414,668.125721112,261.156824283,691.591845380001,643.9539197528,767.899512244,566.2916059868,622.747548678,707.029621755999,395.231741722,457.520156938,610.822523488,424.816131948,549.8630790462,430.0093693232,416.148160036,276.09310092256,761.212033745999,281.707147038,682.471130948,664.993893488001,748.575824212,367.103490078,208.938365667,239.5359453518,630.927630434,611.551758937999,437.822752996,712.278499198,395.4228616526,490.685164665,594.0033299358,729.94062481,418.4128427404,261.455124806,644.229381665999,767.711603304001,554.856004988781,706.1817729774,151.4901050144,713.884285957201,739.707802992,744.640307598,750.262032828,202.174458067,105.060745316,353.18963166,676.256994254,701.702582154,685.932655158,13.208608441,600.468956368999,169.7041385488,180.3655663966,807.2771819186,145.4862798166,376.8147243066
394.088015493,752.1447492954,218.88395232892,142.351810135,466.40264847,16.309997078,6.91262491,389.4064389122,767.301788324,10000,167.271104478,144.1174032808,234.475974022,53.7235875646,201.441578332,737.5860622338,15.800086874,719.428400463,154.129794304,106.494426356,7.42348231700001,34.505887406,231.0364293932,385.113823933999,708.4672097778,775.698882792801,144.356521032,48.7020864379999,774.4723416629,7.55267338,738.167793489,388.314942346,233.069329068,18.541960964,592.473813084,758.2657718739,457.857436201801,661.983611419,370.485864315692,380.3430842137,185.340303737,13.636813102,12.1777764706,111.708202707,120.050473604,652.138599947,87.7792418520001,170.7144759112,7.222004224,360.6204996046,207.546351156,50.0690428080001,554.990055963,466.9431817848,224.94706019,519.371828646,380.8034255714,524.8970943415,533.539879613,643.13735478348,10.909706568,647.479994601001,103.331953386,123.45608514,12.505695804,570.513639447,714.096210107,673.0140837252,190.61076542,222.56852539,513.651182921,40.180134718,553.7884103137,426.619526169,233.0206912702,23.61937768,508.2313617349,660.698188848999,152.245740063,11.771466938,354.35512866322,47.0879578706,746.9634485242,36.8657096668,14.630159107,12.732038394,9.51090539400001,709.121307514,748.684037723999,572.381070439,116.275240266,72.28760843,99.6067750800001,778.7206014797,224.14092151,732.268280901602,730.984452287401,21.5132141886,761.9114019266,569.9584372194
506.215846056001,633.7291094476,21.98376834208,14.513827119,586.542742300001,216.985981828,157.973872674,496.4394775632,645.621024099999,167.271104478,10000,8.8089947472,27.170755506,67.9836994234,16.138141999,613.3615298268,129.404461864,642.210962425,7.659746225,20.106558887,157.088923092,84.0226773720001,30.9742166602,514.559762679,631.3246292328,659.612686068201,9.117704643,66.5547425100001,660.1578578849,149.622321318,632.159680144,496.622746603,27.01194876,223.010730702,654.075688250001,633.5254802649,581.5042688838,627.3247937924,476.563417611545,490.9007230377,13.10065583,138.050195072,155.4390155686,25.536051574,22.084550384,610.066053961,28.924943806,7.9479027268,167.734584556,490.2840018546,15.300862082,71.85563308,662.189115505001,585.356638202999,22.951414977,611.290055060001,517.3665969868,672.173755141399,630.321440098501,625.57438084736,169.322992076,611.864770046998,21.66533931,20.649212541,147.007166542,625.939904473,624.835985793,626.456273299199,11.487270258,22.68681574,615.728810862,84.08897329,635.2846084787,541.855471621,37.8805827262,98.95102267,622.2935303526,638.858491503,13.615565466,178.32053815,459.16444309601,73.7058191074,632.1920503742,86.0799134612,131.452983252,146.893148072,138.737551318,637.754589079,631.436176262001,626.25659205,16.730205162,43.946028668,23.830196138,653.6670645432,27.771725264,632.8696701816,632.9154887094,228.3723353466,657.666441535601,650.2740541334
494.2466575908,648.330508154601,33.58728274812,13.3477623464,573.4581596808,193.2703583808,132.6807433868,483.459493867,662.843829017201,144.1174032808,8.8089947472,10000,48.5794690712,45.7818454661999,22.2771468078,629.366192838,103.6633614168,655.5635056782,8.0204013118,12.0119799852,132.0747126448,58.0828738748,50.9266211523999,496.842669561801,646.850108935,675.176873612799,7.58939694119999,41.9788259127999,675.1326138031,123.8369107208,648.6753670832,483.9101249218,46.4229553272,199.7251712348,664.562599332201,649.832991596099,568.141418741599,642.3107330908,465.392842579496,478.5900556325,16.5172485908,113.4683798848,132.1165570514,18.8175817762,15.4748802268,627.6348083472,18.5505734204,11.4342521456,144.0664068688,469.9047616684,22.7024544852,46.5950031128,668.1632422452,574.3683026958,36.3966476992,617.320261097199,496.8228984162,656.399506622601,636.8213080237,643.75844371144,145.2778907088,626.006430152201,14.3383505098,15.4963674568,123.0196377648,636.0211132232,639.472367490199,643.552938498401,16.2924408812,37.2521284992,620.528647141399,58.6000072728001,644.8482819515,529.1319414418,55.9430251434,72.2742382527999,615.3489823055,656.1837950492,12.7850665124,155.2527020728,447.23347071002,49.8539727502,648.7784622014,61.832641574,105.9786947448,121.3942911948,113.0006779908,654.3690670702,645.5503885932,641.273358961201,10.2188831512,23.9130289474,15.5978498064,668.960993444301,42.1092929222,649.4455031754,647.097746302599,204.9035631394,674.207128627199,660.2233421986
558.830556615,599.0049922734,8.66566931992001,57.018897363,567.76187804,278.485644212,226.361489628,551.228415071201,605.188433129999,234.475974022,27.170755506,48.5794690712,10000,142.5818184374,12.597418503,571.8144112528,196.463743938,606.768395992,37.091626838,86.6398248059999,225.847937996,158.908832206,14.3662170322,574.163051225999,590.8515976668,624.026431949199,48.0015838399999,143.755473254,623.460449429901,217.441185022,591.513368816001,548.511946403999,8.266996206,284.013438816,618.927905279,593.223147310899,572.1554194078,592.094265619599,530.766406634691,546.4456852647,25.88172361,206.251991636,221.1849980726,88.2862226470001,78.475658668,568.76889751,104.0756646,23.8835182692,235.11579044,557.3850419406,12.954171824,144.579568504,628.41095101,568.8878147198,8.879392053,576.776139836001,580.672916154799,642.5182188608,597.543796059,584.13024970048,232.4889491,575.966724843,91.6882934859999,74.291798402,214.055084946,592.075516589,591.930714284,586.1468248092,18.646554617,8.82959723800001,584.807816365,157.677597054,602.057688881301,576.272016514001,14.7629958812,172.785578004,583.974229547601,596.655705361001,44.123245979,241.462030174,515.56689847022,147.5837733614,590.444684874199,161.1059192452,200.644033186,213.941367906,208.857515072,597.029784500001,598.333759312,585.256055858,76.420713716,121.242685242,95.4820953819999,612.1521849925,14.609171033,592.5831587552,600.1370560544,288.8437568506,617.715079484001,616.9952061814
443.4150649396,691.028089048301,126.84466216432,47.3207604304,520.9733177466,106.4835826546,44.0930527106,436.0139911768,705.633038499399,53.7235875646,67.9836994234,45.7818454661999,142.5818184374,10000,108.0336815274,676.3382414592,18.8587426104,701.9730335134,56.7075646394,23.9828264893,44.9232293086,15.0125292864,141.4823130586,438.8181110186,695.513149716601,718.9289624216,46.9172715474001,14.2545879546,718.486369347299,37.1625437246,694.492825623401,435.0070762306,139.5467213894,113.8033014586,659.1825938156,693.370948677299,514.6806404704,685.368121277001,415.621501010217,429.5841661283,87.9300889924001,23.2091040514,37.3395974752,27.9915599483,32.6383574926,675.2358387634,17.7606858664,74.1455967866,53.4170355226,412.2095250732,113.2478782914,8.63004812330001,624.330034580301,521.2070504196,130.2282791154,584.7717596406,437.107980116,596.234684155,600.695382666599,684.61733014938,51.1388754926,670.4665417884,22.3867858243,33.9264546466,30.3902329786,635.489795993599,685.8648411154,690.432533503601,94.4000122714001,129.8450478754,575.5720193696,19.4881168634,621.2465825819,479.1258760066,145.2175705996,15.9020059596,563.2749102026,694.7655063363,59.1043664484001,60.6925899366,400.67593793782,19.0019933787,696.5609297596,20.6343386514,21.6232326914,39.2220715486001,28.5428872806,702.2022114164,688.929369199399,626.553697068599,27.3147931134,15.2118281273,21.6475416693,713.5735205569,133.3270268784,695.875862166601,693.1257560648,120.5448940832,720.7446310554,640.175736565999
536.362555006999,616.8193804809,9.55532690646,29.745868169,582.762017069,247.906971222,191.438914068,527.9949620582,625.872304894001,201.441578332,16.138141999,22.2771468078,12.597418503,108.0336815274,10000,594.3345036923,164.441187704,624.731352268999,18.321420811,49.4895019360001,190.986878907,122.524982236,16.3272024262,548.248246211002,612.2786878962,642.6313669908,22.384539122,105.657353404,641.219014423901,183.526334618,613.115676874,526.942013297,11.476092333,252.544625776,634.964556354,614.1201136619,587.109019845799,608.912146729599,507.643404799766,522.3249486247,16.456393977,173.751961087,188.4569544926,53.753945917,44.847261198,590.271525856,67.11273732,12.9948292232,200.67155091,526.6045683656,8.276501717,109.261417334,645.005136689,586.9475076098,10.399276237,593.675579136,552.2182230394,656.944813944799,612.851473062501,605.062412715439,200.74530211,592.992547901,55.096109226,40.626751102,182.103051548,607.081975446999,608.488834718,606.8420314762,10.097317128,10.398114577,598.534444362,121.589831494,617.5342388869,568.101657932,20.3113726962,136.508236124,603.561863658,617.568354350999,25.871491521,209.243390484,490.88448819211,111.3873462914,612.8214162122,123.4762717452,167.890635586,180.442576276,173.757877172,617.753841204,616.055555512,604.950470554,40.893791626,83.6585278320001,59.578596422,632.9090989577,15.07223306,613.514465538201,616.7744660564,257.5870388906,639.7802265623,632.513263607401
370.3543820778,45.2473373019,584.63869842288,620.8674904758,297.5263001198,720.4081502123,731.841810598799,368.5529122984,141.2969029513,737.5860622338,613.3615298268,629.366192838,571.8144112528,676.3382414592,594.3345036923,10000,708.3036350208,50.5188628543,621.2718662448,651.3374699278,733.2530800898,693.2543717583,565.638706880399,391.6232758578,11.8304768575,53.2097202549,628.1848385278,681.633840095801,53.0917469114,727.4737581738,11.0290674228,374.4931039558,573.750972163801,715.7618445783,168.3131919143,23.6057820485,300.4908160486,75.8202149334999,389.881928346026,381.2290706784,596.4874075978,712.7043616858,724.682788570399,640.0916198608,635.1311181438,67.2834810573,660.1458468678,611.8584356691,738.3769557818,418.7437314231,589.441474648799,678.0786676238,209.9888154078,287.3339756088,578.5353274648,232.6685525778,395.2925707,249.608562665,224.9547773753,87.7735257552399,730.149274178801,87.4519023088,651.1143989578,633.497062131801,719.7966232318,175.1905624903,45.8552270738,49.2078087011,597.930745840301,577.9977674448,249.0044921953,682.397790324799,205.3304405414,334.6199851983,563.8817648746,701.0154533468,243.730276315,84.5939312738,614.6366659278,734.247793350799,405.85828404008,676.4579155572,10.7154027448,684.468030572999,710.2930612038,716.3492000308,722.7820512238,15.2770419473,46.0882451008001,170.0432993808,644.1478160478,670.7662717948,655.8600063838,38.7393522272,570.3119897808,11.1615451845,46.1944906035001,713.347226507699,21.8519447874,186.7887739334
410.560121177,722.5739714714,181.64203829492,104.713668721,485.115770013001,47.235077614,14.144250189,405.4882033222,738.308904454,15.800086874,129.404461864,103.6633614168,196.463743938,18.8587426104,164.441187704,708.3036350208,10000,725.376563301,116.02365657,66.3781891320001,14.186156925,18.485300475,192.8740887392,404.194899878,722.111018976799,750.1984834422,105.472835558,22.621568416,747.1535094459,13.056942985,726.527541022001,404.346237531,194.623192104,54.103589988,616.530625276,727.375238427899,478.2823491534,680.539881573,384.910863069692,397.8786378577,145.306578922,8.097373052,10.2259765036,73.325323943,81.7292929299999,669.105048410999,49.980385028,133.0436266372,17.197718925,379.5763038726,171.391656772,18.517809424,579.471615641,485.754411569,185.436292726,541.36731478,401.4641627254,551.1358906584,557.217982726,661.39270621736,13.80557129,668.290772278999,64.369754922,85.891872816,9.41764809099999,593.729359473001,709.636607626999,689.856782070101,154.056446166,183.957939186,536.11051161,24.13485041,577.165685853301,444.035913805001,196.5785017662,14.802936708,525.7616621373,678.152699143,114.321800919,16.841128953,370.73404844822,22.5759578564,728.597659912199,22.4763350972,7.51012992800001,13.928097959,11.623205774,722.192026474001,719.206803640001,591.46757048,76.4729218820001,36.564276316,60.4554625959999,748.6696263925,186.887841869,727.642823578599,719.1799306054,61.5999394926,752.668971526999,595.1440991034
327.164607156,23.8863548841,616.79746175008,648.706118821,260.683171489,689.978328944,725.412850197,331.8095817696,204.386634145,719.428400463,642.210962425,655.5635056782,606.768395992,701.9730335134,624.731352268999,50.5188628543,725.376563301,10000,650.272886728999,674.746617438002,723.999924301999,711.317768608999,599.809775343601,323.740839572,41.7165178568,19.9202254942,656.484729641,701.189245603998,13.8496238557,728.088274101,42.007911074,338.894880685,607.158635318,686.632189729001,72.17917623,114.9483892369,252.7800301718,10.0513854172,361.425247621652,340.1106025626,627.097093530999,724.745308997,723.1575412624,663.825975953,664.718818401999,44.5645378740001,681.856489692001,638.9598226338,719.726568995,349.7123682418,622.361322417001,703.213812265001,119.348226537,247.042008134,610.128233554999,155.01235339,324.1020816282,158.0250545722,137.051179028,48.50160873916,713.24570644,19.572649891,673.947604216,659.305724824,723.166603928,87.854304723,12.023590246,44.0444291889001,628.706967264,612.083725051001,167.997509276,701.873029013,114.7027529886,292.096781905,597.672071173799,717.699558317,194.6959981874,49.119745816,640.705562887,708.60692246,369.99505300078,698.232758588401,44.5794849368,703.746142554199,725.172953167,724.016086887,731.397765923001,40.539032894,24.147746808,120.323291267,668.973612132999,691.610041374,679.236294954,117.6651325977,603.070102497,41.6693172842,9.4859598348,682.571796192401,46.1060137816,92.4517136706
503.682974327,639.9761672279,25.50518262108,13.891000982,580.493808906,204.831729464,143.94559794,492.9519815712,655.397768332,154.129794304,7.659746225,8.0204013118,37.091626838,56.7075646394,18.321420811,621.2718662448,116.02365657,650.272886728999,10000,15.970238374,143.567208052,70.588210318,40.8971616992,508.629639448,641.375803665,667.4387768522,8.51805054500001,54.5367876459999,667.2364501939,135.527578674,641.038661596,494.329525525,35.790484594,211.456149248,660.316517002001,641.6349214109,575.240454140801,636.4285576264,474.721555456692,487.4777357177,14.267215707,125.164062558,142.2863780646,23.018996892,20.150818254,619.766652341,23.116504267,8.8791138602,154.527634092,484.7741612166,18.253783769,59.846064796,666.113635179,580.459001066,27.464877196,615.262392805001,509.9484639004,666.1930176395,634.1601503825,636.71558065844,156.231684392,620.316133193001,18.354003235,19.136455822,135.099172008,632.074604367,633.906108717,635.5683522252,12.950060242,27.030735236,618.055286551,70.684937446,641.137395092701,538.012447040001,43.8960637302,84.3661809860001,621.3847229996,648.66974001,13.319064725,166.050536536,456.12056538543,61.6013787734,641.1592528822,72.9080072872,118.913423748,132.141841458,124.920300404,648.007592259999,638.665524582,633.468968843,14.199433006,32.578984004,20.399744912,660.616284191901,32.725382189,643.084066806199,641.383046922399,217.0478116226,666.9223380006,655.5008193351
472.776506402,666.092903529401,69.92817386292,15.051639644,554.318026775002,158.733596556,93.359622242,462.0621147742,682.640514387999,106.494426356,20.106558887,12.0119799852,86.6398248059999,23.9828264893,49.4895019360001,651.3374699278,66.3781891320001,674.746617438002,15.970238374,10000,94.53402226,24.229901748,86.1082903972,470.224191711,668.833643239801,694.4174713102,12.066074087,18.103478322,694.407402867901,86.4122040059999,669.530639513,464.151064308,82.1155565919999,164.75567462,678.633393986999,670.134342415901,545.6099114682,660.867431945,444.04492106477,456.1300273497,32.922945291,75.1562655,94.8046433566,12.554812567,12.54641851,650.142050323,9.13161903299999,23.0232929848,105.339487804,443.8822138686,54.8656634299999,23.663727192,659.393682779,553.918040648,73.8595757339999,612.440693183,468.4778819138,633.4930736724,630.7549886685,665.09341617936,109.442892904,645.244698637,8.644728292,13.783265275,86.6833160599999,649.664624907001,659.433662255,664.6995185032,37.183565214,72.444325144,606.285025165,28.189376051,647.4059582421,508.14740661,91.6190390981999,35.325050468,596.1772247526,677.978401553,18.805426251,119.809841768,426.27276998922,24.4510674384,671.168007150201,30.4003813782,69.9021914400001,83.61594542,74.768389646,676.217356980999,664.244633608,654.828721402001,8.11179002,10.87662359,8.181692036,689.8892059457,76.6013158470001,670.3866422726,666.341216753401,170.9786095446,695.92691212,666.9637056634
399.681834173,747.903632709,209.22371448292,132.378931399,474.353125778,20.331438396,7.18807224700001,396.1303133772,762.948858912001,7.42348231700001,157.088923092,132.0747126448,225.847937996,44.9232293086,190.986878907,733.2530800898,14.186156925,723.999924301999,143.567208052,94.53402226,10000,25.966036592,221.0066543372,390.124598218,714.384789041,772.1179794102,133.550760176,39.638079712,770.207551831899,7.66510046799999,743.550778629,394.199565203,223.353335872,24.521875211,601.323529962,754.3225332979,466.8490587848,669.4599821192,376.486586108692,387.4042603277,174.312696131,12.764857629,12.4251034547,101.065253901,109.936454698,659.675749124,76.734585946,160.4235413152,7.61982805499999,364.8848134336,197.835834272,41.014484802,563.922868014,474.327064940801,215.378047374,526.682321088001,386.8746637714,533.2956984871,542.342974688,649.98818476648,12.460780652,655.364908928,91.46814013,112.725434264,11.856340218,578.488524575,720.483530358001,680.416770272201,179.891427874,213.358631894,521.849693426,31.628921562,561.4845162613,433.631116806,224.1090704682,18.387751761,516.500106559301,666.843275125,140.877712449,13.1116529,360.43428063922,38.4213083446,750.3185378572,28.5399062508,13.370480477,12.766251529,8.079667889,714.571130246,744.320787154,580.476309699001,105.19981411,60.446557504,87.453290974,775.6496255219,214.249743327,738.242444789201,733.3222501434,29.8042396946,765.809081183,578.0965275574
432.919248674,704.8424710082,142.75130728292,58.663916299,511.938438776,90.6384103160001,24.959675012,424.2389351902,719.998860562001,34.505887406,84.0226773720001,58.0828738748,158.908832206,15.0125292864,122.524982236,693.2543717583,18.485300475,711.317768608999,70.588210318,24.229901748,25.966036592,10000,155.4693694772,423.191694487,709.5780168926,732.6647056202,58.356438216,8.579817694,734.2323028869,19.958178334,711.946789965,425.162605899,154.998598492,97.6191387600002,646.905243603,709.920302132899,502.0834913338,692.6358236656,405.56701457947,416.706312357701,103.155716551,20.161076347,28.8808663046,29.850105851,36.667253008,688.520141173999,16.903529802,88.9523487352,34.904372524,397.5877035136,129.23730733,13.84004251,609.121898604001,511.657183061,146.916710174,567.515599281999,420.1929341408,578.322950974499,584.886373201499,688.179721579281,40.947837554,676.804343797,21.881966342,40.090997694,25.46760558,621.283646882,696.667285008001,704.1321715812,110.423617244,146.571411774,559.112621732001,12.55725722,605.7918424667,467.566602406,160.7945360282,7.999034941,554.156286622501,704.697165973,69.703369277,49.681708718,389.10161774111,12.3313047914,712.133234032201,13.0403842764,19.98706558,23.724164211,16.782740088,717.772461963999,701.951840326,620.854288677,31.73905345,13.477367742,20.91874715,729.5864203757,149.783582157,713.4885583922,703.7205391374,103.7467642346,737.8493022686,624.6087310594
555.7865593574,591.978407732999,13.88663579628,58.2564787042,564.263229585,273.1595419062,221.3465341622,545.1851946498,594.7526722416,231.0364293932,30.9742166602,50.9266211523999,14.3662170322,141.4823130586,16.3272024262,565.638706880399,192.8740887392,599.809775343601,40.8971616992,86.1082903972,221.0066543372,155.4693694772,10000,576.359206029201,583.466132404401,615.1103689268,49.8617793512,142.8071980652,615.0090098475,213.8404775132,583.8559195966,545.6901538192,14.5200393182,277.9618609702,610.2281813346,584.8010521705,569.869476238201,585.8251397124,525.38766868367,542.5776781569,21.0562652292,202.1146043272,216.7085520938,89.3011938982,78.5149227492,562.883122183599,103.5460605212,26.992922379,229.9753977312,554.7930933848,16.5886130492,143.9503477952,621.3623858356,565.1572595609,14.0338485082,572.874408595599,578.255998801,635.2897758535,592.5429956106,578.171759123121,229.8554152412,570.657527972601,91.7129727472,74.8509390632,209.5762107672,584.2674993024,585.5720915466,580.1996757327,22.3605955262,14.9038203912,582.631885428,155.1591328352,594.706205573501,571.5218731622,20.4709741614,170.4235755252,577.9931845256,589.8985010966,46.4604548202,237.1536047752,512.422737246521,145.9283091726,582.9348288458,157.9288515364,195.8605617472,208.8304507772,204.6564129332,589.684290052601,591.1005758296,577.154814134599,76.0904213672,119.6701739032,94.3439563432,602.173088813699,20.2222494922,584.9238984382,592.8027078558,281.6637119048,608.9312673392,608.104893949
32.918045626,429.5035891554,567.44181300692,498.413818283001,49.420447848,366.329593248,388.452594558,41.0365578972,547.898076215,385.113823933999,514.559762679,496.842669561801,574.163051225999,438.8181110186,548.248246211002,391.6232758578,404.194899878,323.740839572,508.629639448,470.224191711,390.124598218,423.191694487,576.359206029201,10000,323.4289573658,423.7954037708,496.448186066001,430.446070472,404.5861094289,390.864092773,360.478428846,34.330868535,573.439616811999,364.932507757,158.207096906,481.3171823169,36.026247143,254.9829846996,41.3617589115261,32.9190712203,529.464878847,398.05432256,391.5620033704,472.939256360001,483.003284228001,263.739956271001,454.95543314,521.4620818652,385.16929508,10.6532076454,552.751808944001,435.65343437,114.953048628,47.6450540705,566.443164928,76.209215996,11.9295237686,85.4287531152001,88.036987189,243.16450554732,384.074768303,238.534293663,464.962949599,483.575985152,394.568937954,138.474248022,317.234463006,282.9147782962,535.532288574001,568.015180927,58.044604111,428.347510709,112.0466965093,42.21169132,572.8666969494,417.071982022,86.6909434696001,260.686216082,505.380170644,381.438050052,35.20159636989,432.8289208436,372.1348699122,424.7366068398,402.76897369,394.228026074,396.505171168,318.745904172,426.990209044,156.409239708,475.583121314,448.892680801,462.475883482001,485.9803005225,573.674992931001,353.1782014706,346.1746745974,362.5858299854,374.6496166036,136.1303663954
311.4446455142,65.5152519245,601.78463238408,637.815688270601,235.3254360898,674.2924569956,712.707269990801,316.8631735862,197.3855281178,708.4672097778,631.3246292328,646.850108935,590.8515976668,695.513149716601,612.2786878962,11.8304768575,722.111018976799,41.7165178568,641.375803665,668.833643239801,714.384789041,709.5780168926,583.466132404401,323.4289573658,10000,57.092710442,645.8274168768,699.9746387932,51.2304417442001,716.7867434068,8.74486906140001,323.1722940638,591.867116540001,671.6946569024,101.1192330398,111.0846776497,237.6735894926,40.4066871176,342.199558887326,326.3489534456,614.969538676799,715.4618290704,707.889911756599,656.182233239601,653.992273309601,12.7570411424,677.8132441302,629.688905933999,708.1973675438,355.7362394046,607.3549829514,697.4707840714,138.5898633978,226.940025267,595.5693151098,163.8507130192,331.536125485599,178.7991147957,153.7406355428,9.51737561236001,699.122780504199,48.8433802552,668.5500434282,649.549995913601,713.032410598801,110.4847555348,39.9765768664,9.66328958030001,616.618329161201,596.762532338,179.1954663754,699.7421865756,132.4901691414,276.6057697814,582.238538144,718.8815192492,180.0420764936,11.3878597062,630.116234637601,693.3659040018,354.07586919338,693.446727873,9.2607449366,701.5055987268,720.0775434588,712.106150294201,723.4220171984,9.01649256320001,64.3769956204,104.5141147078,661.175004602999,688.7157971768,672.770863007399,117.7563535645,587.692473310999,9.025314024,40.0815002642,667.4131738482,13.802610845,114.3714277771
422.8923620552,14.0116558491,635.91214484728,667.2792692238,357.7274296572,773.8942140862,770.4734276122,423.4221031406,119.6676476238,775.698882792801,659.612686068201,675.176873612799,624.026431949199,718.9289624216,642.6313669908,53.2097202549,750.1984834422,19.9202254942,667.4387768522,694.4174713102,772.1179794102,732.6647056202,615.1103689268,423.7954037708,57.092710442,10000,674.9201805906,723.3254627382,10.3190427518,768.6202811562,46.1545806353999,430.1764239152,624.9395520832,771.937793550199,178.8369023522,50.0606115852,351.451114527,87.9913907636001,450.452179690926,433.472100913799,644.1714150208,752.0978436226,764.229678121801,683.6409413412,681.4895408496,121.0923946242,703.0336989642,657.761488674999,777.0910576642,445.01645984,638.6142882802,720.1882176732,222.9211124102,343.3730856742,629.2414544036,269.1396552208,420.7162646164,257.0157668154,248.1072513033,134.78416075168,769.689687654199,108.2822966042,693.3256952702,677.339261186201,760.0477599152,200.4636277462,35.2825218612,99.2476345,646.1268972862,628.5521291836,279.1375846302,723.053549605599,225.2519505388,386.9116580112,616.055423559,741.6971493862,293.0377837129,120.4647231642,658.8992293232,773.662227908199,461.74593963498,720.230003362999,47.8991462648,726.881335906801,750.244867060201,755.8385661976,762.2057787612,61.7147824052,16.5909869076,220.4353153232,687.848080486799,713.1471179462,699.0149333162,44.1850487901,618.7920917966,47.4686191649999,18.7955448242,769.818146773,40.3809187949,198.6672211348
493.072518058,647.3640851145,33.81728385692,12.757627428,574.579615765,195.207017512,133.831454578,482.3947666562,660.880871424,144.356521032,9.117704643,7.58939694119999,48.0015838399999,46.9172715474001,22.384539122,628.1848385278,105.472835558,656.484729641,8.51805054500001,12.066074087,133.550760176,58.356438216,49.8617793512,496.448186066001,645.8274168768,674.9201805906,10000,42.305648824,675.615787627901,125.991478522,648.257488741999,483.901023208999,45.180041296,202.473916736,665.46243668,648.5138343119,567.3268735408,641.381564669,464.24880353077,477.0126836337,17.102009335,113.782422126,132.3842881926,18.181638173,14.590304501,625.813503457,18.743316986,12.3948533268,144.98087573,471.0550027246,22.603552416,49.2240429340001,670.145338972001,573.887564303501,36.875470928,619.639217741001,496.4009608734,661.4348741139,638.3403048495,642.19254803736,146.936303803,625.449573536,13.962353833,14.858324599,125.501543256,636.873113571999,639.702696189,641.3992783862,16.960187705,36.242148288,622.624849506,59.081485244,646.114386960301,526.879245362999,56.7641448422,73.190845604,616.559206009899,654.94435191,13.312475557,156.288244804,445.91509136322,50.1518029914,648.6844666042,62.2450533852001,108.992246416,121.952305426,114.465132072,654.06137957,645.634946108,639.843981889,9.869512752,23.861634322,15.157769082,666.996776523101,41.134705021,648.774171178599,648.1054661284,207.7745658406,674.4911868473,660.7604426728
