10000,24.6698652266,22.17622024,23.505370982,24.61886253,25.010659879,25.252150006,21.341093124,35.479059464,28.116428864,30.088689371,31.054021485,32.5502622880001,34.4762332446,34.157647754,44.0560957771001,36.131584871,39.706417943,38.5461424860001,38.524525361,39.714941256,41.208091151,44.127259784,43.519749856,52.1096493484,48.345623073,46.025970097,47.815848764,52.7322008019,48.6246730189999,58.0962447970001,42.936768165,53.020522248,52.162009282,56.289842094,63.0062738395,50.8121431388,60.7476620143999,51.808416722896,53.224360792,60.991421906,61.511215054,62.0657113806,63.752208998,64.927187661,73.148425793,66.5949316300001,67.152637845,67.664059998,68.4790637132001,70.477055236,71.7338145430001,74.7867533840001,66.8588191100001,73.752420992,79.159384559,75.5263403140001,78.7183990140001,80.187163375,86.84579224148,80.5960169149999,85.2647934520001,82.5003828220001,84.2017370919999,84.7545412480001,88.1996303590001,89.365466155,95.1181394746,88.551278632,90.6603510839999,92.4128281999999,91.8118137369999,94.1945322184001,86.4080222820002,96.6955657507,94.5814070420001,102.837592331,104.292685927,98.5769280690001,99.211825637,94.69140949472,101.577659721,110.2466379068,103.075472021,103.688968738,105.612729922,105.660344492,114.135331084,111.605374594,116.88710959,109.83682456,110.848804631,112.128410977,120.9707227061,115.413507326,123.0839131708,118.5725141606,116.447456374,125.643985884,121.5948176287
24.6698652266,10000,16.546510744,17.2536849736,26.6766453348,19.2685824175,19.6988675211,29.5677996884,28.3018497291,23.4619462914,23.9490241765,24.9800055191,26.5597162106,26.8409153515,28.3220923734,33.4237241842,30.2751502188,32.5862398271,32.2307616807,33.3099960371,33.740053644,35.0665331061,38.0305941153,39.9369156786,45.3762538176,36.6393942721,40.243600916,40.8844939578,40.2321700502001,42.5406983331,49.112007891,53.575433639,46.9889486,47.0652223855001,50.71355894,52.9912794844,59.0557797522,53.4244579559,60.628650668278,61.8843165765,55.526150462,55.2269607102,56.8260184681,57.4623877391,58.5405227111,66.8609549842001,59.6776118210001,61.110586688,62.0842078460999,65.5308606387,63.3725921804,65.687575217,68.4107426058,75.1412622805,68.1705362681,72.8832143993999,72.8786868173,72.5221410224,73.9532257982,80.38342901482,74.7621606817,77.6387499717,76.3418096889999,77.7044288090001,78.2257787359002,81.8502634491,82.2108230026001,88.2788283499001,82.6101600696999,84.1278389321,85.6530155626,85.6829176706999,87.8791264041,94.6287343630001,90.4401195790999,88.8974297374,97.6766480758001,98.4491044044999,93.3729999564999,93.9589631666001,103.12116909741,95.6137401575,100.4727277401,97.0253345896998,98.2721898961001,99.4495895644,99.5692736689999,107.8571647249,101.2847030826,110.4514188574,103.7309347117,105.0133815662,105.5684236821,109.9823555813,109.340331208,116.4427681645,107.605632576,111.0791106456,116.579647673,114.9443695743
22.17622024,16.546510744,10000,12.05898071,22.376285178,14.57905202,15.28346955,25.4134446048,25.345213808,17.91094050662,18.293057872,19.3985729554,20.820227795,22.72679654554,22.62765605746,33.9205364093,25.831954198,29.726057809,26.26575449154,28.188167066,28.980404246,31.022481268,31.6410803204,37.067351617,41.985580083,38.17465246,34.470089437,37.052067356,42.0437219233,37.573290272,48.441565502,50.223037331,41.788793018,41.71691157,46.9582366800001,52.8600930129,55.4570927888,51.29651617246,57.017785625726,58.21413257962,49.540041467,50.119231576,51.8461194286001,52.353137088,53.06011203,63.965575715,55.18061033662,54.7657216886,56.87558071,61.582814419,58.081177861,60.98250705,64.9807891873,71.8324965499,63.06456452554,70.20690216462,69.2104657382,69.1874977530001,71.1106369039999,77.1729460625199,69.724835556,75.4686433215399,70.7084626879999,72.9032517540002,74.373576818,79.0252319270001,79.3214900180001,85.4969729326001,76.7653889190001,78.3836834799999,83.479772319,81.6824335715399,85.4449883321999,90.9102654690001,84.5776394684,84.118657784,94.002998827,94.7362210310001,87.6152098380002,88.7275028259999,98.20878386018,91.46980922,100.33281478506,92.6370755200002,93.36470639,95.065337236,94.3437444479999,104.993024172,102.587762013,107.144147573,98.4435815359999,100.132517066,101.330391292,110.2934235026,102.65962356908,112.911495914,108.8816487194,105.96118722,115.30219151168,111.557724922
23.505370982,17.2536849736,12.05898071,10000,22.377633748,14.17027279,15.413988627,25.2625961148,24.990858237,17.962596295,18.153456957,18.4971772528,20.953207666,21.965526992,23.073310715,33.0626263266,25.582624809,29.069283509,25.727861713,26.942748193,28.701728083,30.024741136,32.4083576176,36.087183036,41.1917332374,37.0518350774,34.123424857,35.256398932,41.2880282352999,38.12804442,47.7328143210001,49.307309364,41.271265901,41.808940843,46.572071472,52.098882777,54.6171455558,50.037777872,55.620471602704,57.4498009358,50.043498199,50.4559423310001,51.3914172466,49.919786598,51.9300004,62.8673567250001,53.816107032,55.3535170802,57.8267665060001,61.1436419888,57.8620226070001,60.154183336,65.092707689,71.3694824569,63.119852268,69.1978479770001,68.3558250399999,68.8686014406001,70.6602612125001,76.5736157726,69.4252953729999,74.850829327,70.009775688,71.721991464,74.141442045,78.2699851450001,78.9859929359999,84.4982311162001,76.31611582,77.7184186969999,82.4869777999999,79.7143851830001,84.8854795530999,90.6410678950001,83.4029159559,83.491558127,94.2162429276,94.8190958080001,85.769600883,88.9674122399999,98.3920592388701,90.368440667,99.7960516298,91.5315956510001,93.477704761,94.9218072539999,94.3807596670001,103.303230607,101.740760006,107.010344926,98.5030632499999,98.9667913950001,99.4623786189999,109.7912596935,103.32196507,112.1913615068,107.4215849948,105.6783635596,114.8349966326,110.9286041336
24.61886253,26.6766453348,22.376285178,22.377633748,10000,21.255366243,22.205420135,31.816381841,31.62400134,25.031665039,26.327624813,27.12773635,29.512478931,30.5868732857,30.513415836,39.9382033503,32.376904139,36.277315657,34.584479283,35.134631694,36.680440982,37.236977043,40.0533890326,40.287127488,48.8120530222,43.779327709,42.247423008,43.354325533,47.7109908541001,44.7514445400001,54.500067237,56.0446419700001,49.607740329,49.122916024,52.782194161,59.7126068364,49.6246476166,56.8810993774,63.132279935578,65.0494785671,57.333845468,58.5551831330001,59.0717960686,60.628224423,61.4679512639999,70.0222606720001,62.991149527,62.811920894,64.5883998149999,67.4090713915999,66.5092909500001,68.311630107,69.194885426,67.8736560137,70.460385135,72.770948001,74.554832976,72.7074398477,74.2167351345001,83.3681057404,76.714311107,80.4272617239999,79.1494566849999,80.9762025770001,80.9961477800001,84.4463716150001,85.276057586,91.4582346710001,85.0034782199999,85.9181533369999,86.001609375,88.4398127360001,88.3063710458998,86.1142772370001,92.4566980217,91.107598281,89.4564266275,101.26999431,95.7217582870002,95.355871608,104.19902190519,98.687059355,106.5403733506,100.725643169,100.758329366,101.804852947,101.974127868,111.545125968,108.076823028,105.354634446,106.514384098,106.978469309,108.436746359,116.6065968933,111.090967061,119.6499438158,114.9625802316,113.4276257336,121.8331119215,115.9946072924
25.010659879,19.2685824175,14.57905202,14.17027279,21.255366243,10000,11.004814742,22.49375096,21.583608309,13.428387954,16.285271514,17.532498848,19.57197354,19.981052681,21.289574574,29.5850532286,22.144152676,26.73256136,23.95276748,25.162766059,24.634496194,27.41250896,30.5823971894,33.012670079,38.5075345574,35.4939447328,31.655381507,33.494342458,38.2599815925,34.208258559,45.181382318,46.0137303990001,40.136563538,37.273956992,43.434425997,49.3750395261,51.6140000534,47.8740804284001,52.8255737327041,54.4617542473,47.040458159,47.192423023,47.2236720645,50.174500685,50.676854312,60.220674207,52.132493002,53.171013152,53.35131682,57.8891721267999,56.508973762,57.986071968,61.8195521249999,67.8234908839001,61.032892904,65.9554777770001,65.6484791504001,65.6252987949001,67.1113112074999,73.6253240045601,65.645050679,71.941932999,68.399314722,70.2049026499999,70.788815173,75.226896088,75.9490319309999,81.4872267154001,74.9182737720001,75.98731049,79.0492585110001,77.7559338769999,81.6917731723999,87.081299782,83.2493551182,79.9105472329998,90.4786171680001,91.55270435,85.4795119549999,84.2938301820001,94.58696992642,88.4292518254,96.7756407185999,89.6897614779998,90.03242059,90.946252695,90.946426929,101.649374351,99.4753456710001,104.043633907,96.2274566920001,96.4858728620001,98.292743838,107.6405835522,101.80554043,109.9682195804,105.610584303,101.0902300154,111.5512381238,107.547353306
25.252150006,19.6988675211,15.28346955,15.413988627,22.205420135,11.004814742,10000,20.9206432614,20.51662067,11.952920901,14.67556285,14.975833066,17.87181402,18.0928579846,19.462114372,29.3069289329,20.380689644,25.547898414,22.693631202,23.34060823,23.230591188,24.900821139,28.7755716858,31.456527095,37.8702545252,34.3761246624,30.714175353,31.71172844,37.7382657139,32.71005164,43.691096831,44.83804376,38.21913715,35.871842521,41.732292164,47.9903485344,50.0164707332,45.8678580274,51.941503070726,53.080137147,45.907162287,45.5362261500001,45.5414582842,48.4938216130001,49.2840558000001,58.917242193,51.238803332,51.337083352,50.9944414229999,56.9314075998,55.049018462,56.0999597720001,60.149886819,66.5243368653,59.61279498,65.043533811,64.2886385058001,64.2546915987,65.3372070734999,72.61246929756,64.350068803,71.211564753,67.4896456279999,69.283257866,68.677908537,74.075190325,75.045597293,80.5291285329001,73.7658053859999,75.203948082,77.802075852,75.675431043,80.5023348313999,86.2022981890001,81.8233407231001,78.29819686,89.3225722774001,89.5735634369999,83.940830961,82.732268541,93.20994070749,86.3060446733999,95.4744956492,88.7680404629999,88.4514503410001,89.8265381669999,89.211777817,100.326139257,97.8296766710002,102.065439396,94.2808748079999,95.453464106,95.7420022480001,105.1968879766,100.114410328,108.1107909284,104.3162842354,100.20322097,110.514603451,106.87095065
21.341093124,29.5677996884,25.4134446048,25.2625961148,31.816381841,22.49375096,20.9206432614,10000,29.2404337536,22.021553411,23.2383077156,24.423452097,25.4289341568,26.690228239,27.9993035312,37.3042058518,29.7233249598001,32.4719938288,31.9310232748,31.929846901,32.8622372878,33.714459829,36.4465585464,35.8580660006,45.4181003976,41.163445459,39.8911589112,40.1183733194,45.6931775993,41.7634950113999,51.6504382840001,39.3617631420001,46.7023779388,45.4189656402001,49.1650290536,56.7726988308,46.855578524,53.1738331242,44.005001640326,45.190868145,54.860049023,54.7655530414,55.4308859654,57.048370115,58.4535326348,66.4695550624,59.1738846254001,60.6330399228,60.942069755,61.5739532467999,63.355815472,64.9329244238,67.956525438,71.4637485679,68.0896231668,71.7968289049999,67.9749045526,71.809229435,73.3415696365,79.9201335598001,73.70579124,77.2983819416001,75.656909832,76.971456795,77.7182340308,81.900255482,82.9317438768,88.5467776024001,81.3694178658,82.926083111,86.0313975763999,84.9544774648,87.2172673499001,77.9486632057999,89.4551878639,88.4296594920001,96.6256525973,97.6328156978001,91.7757105317999,92.3852300075998,86.65481383852,94.662818169,103.4603415052,96.968446933,97.3965935958,99.1216818578,98.698865095,107.8127317548,104.5254499178,109.7603583888,103.0622643212,104.37556952,104.7083181766,114.0657215969,108.9492176758,116.0026119076,111.3081782906,110.2197680676,119.118745793,114.3325058972
35.479059464,28.3018497291,25.345213808,24.990858237,31.62400134,21.583608309,20.51662067,29.2404337536,10000,19.95123509,20.2998724,21.979283642,23.364580352,24.3387388526,25.474911326,33.6887060428001,27.23129116,30.490318411,28.99390114,30.307810248,30.313865972,32.669079004,34.6071840386,37.308801304,42.2078897736,38.9935949136,37.119233616,38.564993806,42.091050329,39.594459551,49.071997912,49.979928581,43.7054567360001,43.49549542,47.615553217,41.2252271200001,55.3037443866,51.0807367378,57.709683348326,59.8648921443999,52.410724487,51.479386576,52.7194029746,55.426818839,55.21022573,64.473907724,57.829324446,58.18387014,58.513145758,63.257576826,61.065066254,62.123621626,65.305781713,72.7279600688001,65.376250544,69.8586942860001,70.6029849477999,69.9959596989999,71.813850417,78.2610037606801,71.8968386459999,76.2624640409999,73.751538044,75.551236002,76.1687203560001,79.0808502410001,80.584384202,86.4946915101999,79.904969314,80.6269360819998,83.7343880569999,83.125154446,85.3506142607999,92.1864441440001,86.2590606372001,85.9308174840001,94.9132495841,95.9470858219999,90.096029406,90.2381532980001,98.70327805162,93.091373172,100.8175710784,93.8133179659999,94.7465605419999,96.2028979600001,97.033491126,106.07993863,102.542377849,107.429479615,101.271659422,102.812657184,103.4581286,98.334009191,104.823673921,113.2578850962,109.0569185398,107.1426499366,115.9091822065,111.8452942414
28.116428864,23.4619462914,17.91094050662,17.962596295,25.031665039,13.428387954,11.952920901,22.021553411,19.95123509,10000,12.5753813,12.92753705,14.28885493,14.8830472431,16.319970669,26.5075338281,16.66231454,22.752649921,19.87008111,21.06814544,19.831965834,22.926810596,25.939329158,28.677665057,34.7422199816,31.4311630844,28.104351744,29.147743936,34.6460419051,29.267786711,40.941181148,41.6237432470001,35.28768566,32.973430858,38.9150416480001,45.5365261264,47.740573624,43.4758190363999,49.473495703926,49.9255869673,43.944795585,42.529462557,42.3267375458,45.862083063,46.039385476,55.820767322,47.894162913,48.55259054,48.420080891,53.0140861674,51.999864965,52.4281566119999,56.918451062,62.9596399351,56.868337636,61.885697332,60.646980442,60.7408628809,62.5077538075,69.1029800835599,61.003401069,67.6914915290001,63.838736546,66.097261882,65.217367595,70.862967087,72.053240129,77.4268030392,71.375958392,72.397929922,74.905181092,72.756195202,77.0126350849999,83.442444869,78.929817441,75.1475395340001,87.0700756905002,87.391680134,81.533157172,79.6907593729999,90.8089455603201,83.4712466760001,93.4019512082001,85.1987676399999,84.6788254690001,86.5983662739999,85.93114361,97.1942744210001,95.418825672,99.6500317369999,91.72572209,91.575065053,93.1585235920001,102.5490524771,97.11217779,105.0157115624,101.5875079784,97.3993628746,107.7795122528,103.75257819
30.088689371,23.9490241765,18.293057872,18.153456957,26.327624813,16.285271514,14.67556285,23.2383077156,20.2998724,12.5753813,10000,10.614042901,12.419663402,14.4642073996,14.572102171,25.7063628731,17.72560489,21.906042382,17.668613351,18.819628399,20.840647797,22.72149976,23.9325142676,28.316057206,34.0966124066,29.5859828606,26.331103376,28.146154228,33.2161148841,30.27511675,40.043899944,41.4851203600001,33.364841701,33.4517186,38.928837566,44.664624374,47.1824430566,43.0081515724,48.3662519808261,50.1697626244001,41.420905964,43.4232830800001,43.829535372,43.536772378,44.927747391,55.467503284,46.403339775,46.5210043954,49.4230827500001,53.2606723156,49.37359421,52.300345732,56.470802498,62.9117247139,54.802014901,61.749856196,60.305900172,61.1395869227,62.8057176985001,68.8117479260001,61.84402319,67.116517847,62.54891805,64.134336741,66.582565,70.4536522310001,71.169855667,76.7285755451001,68.520497479,70.301435237,74.51866325,72.236850019,77.0406421273,82.2862515170001,76.3366422267,75.6693088959999,85.5362137437998,85.8303364229999,79.0196428199999,81.0486994600001,89.79915122742,83.01801529,91.6762750596001,85.2704868719998,86.5203505500002,87.18802365,86.7026098399999,96.458867511,94.2448689899999,98.714445023,90.1500281709999,91.3221797419999,92.2860516549999,101.917102586,95.3078206730001,104.6997846484,100.2306973068,97.5365092466,106.9138819137,102.9289809946
31.054021485,24.9800055191,19.3985729554,18.4971772528,27.12773635,17.532498848,14.975833066,24.423452097,21.979283642,12.92753705,10.614042901,10000,12.56526984,13.399311811,14.3714375806,23.9218994441,16.54089084,20.943877681,16.5429766212,17.8178310292,19.18587711,20.9084485906,23.4528633174,27.216351059,32.6504795526,28.7433515992,24.8826454744,26.93454599,32.15054633,29.123373921,38.611152696,40.7483572879999,32.942120744,32.567449798,37.4950850728,43.6310400898,45.1451617091999,41.6752725284,47.229748418652,48.3696375525001,40.4932938219999,42.2485978948001,42.3103884533999,42.8037849716,43.2375858468,54.0742453580001,45.1432608632,45.5268026604,48.338700858,52.2084358586,48.9568198450001,51.9441778685999,55.848821636,61.7676188833999,53.736250678,60.9156788080001,59.642434552,59.7503112926,61.8779464936,67.6952954183201,60.634500558,66.461894423,61.461056779,63.1029209718,65.0176431848,69.5853461176,70.543223996,75.8340331162,68.1427083186,69.4180987940001,73.477416438,71.2059109002001,75.8249939548,81.902984289,75.7042990803001,74.2328913388,84.6948300544,85.233287809,77.9883672757999,79.234792462,89.3537537809001,81.0981364929,90.5840835836,84.2688712308001,85.0748959099999,85.94472482,85.1923973448,95.544206456,92.677288008,98.0373948179999,89.114522796,90.2647301120001,90.7144404788,100.8398281197,94.644611934,103.3337801174,98.7052640630001,96.5594921986,105.8595314998,102.477454358
32.5502622880001,26.5597162106,20.820227795,20.953207666,29.512478931,19.57197354,17.87181402,25.4289341568,23.364580352,14.28885493,12.419663402,12.56526984,10000,13.604105564,13.521043194,23.5645009224,15.759782732,19.873539191,16.943466614,19.076250578,19.986201006,21.700090844,22.7536335066,27.21606611,32.6801295022,28.7166616632,25.545667567,27.51094915,31.9833590344,28.27869028,38.848275664,40.6953301669999,31.277203255,31.876048678,37.643880704,43.3672447666,45.8875138746001,41.325306507,47.7101029985999,48.6910160361,40.544501065,41.76389922,41.97950361,43.7864241429999,43.831595034,54.137665658,47.136074341,45.7535267794,48.4128434700001,52.6159621224001,48.4617793310001,51.209268658,54.737466225,61.6872541216,53.404839462,59.5906956560001,59.871929702,58.8055969156,61.5084218475,66.69404706504,61.25836477,65.098404873,62.330755922,63.651281188,64.69656809,69.108216532,69.5065926249999,75.8803201450001,67.507714991,68.3055655740001,73.491569459,72.1440612880001,74.760770346,81.4731628770001,74.4676673081,74.9164024400001,84.9789298231001,85.437008245,78.0815149190002,79.5410449620001,89.2774847318299,82.006201416,90.6626962062001,83.7861944179999,84.32860839,86.2070685319999,86.37621238,94.8231191959999,92.2575449830002,97.6716853249999,89.5384491320001,90.6189375480001,91.867744846,101.2506010874,93.606017725,103.3361667618,98.9152487003999,97.4634967466,105.6591611328,101.779519244
34.4762332446,26.8409153515,22.72679654554,21.965526992,30.5868732857,19.981052681,18.0928579846,26.690228239,24.3387388526,14.8830472431,14.4642073996,13.399311811,13.604105564,10000,13.5189236646,23.0037197632,13.7444136399,19.6464687196,16.1450333517,16.5744963209,17.2132843209,19.2787458147,23.0554773764,25.9452206366,31.6029255588,27.2427603465,23.9725297307,25.1853681501,30.4343289524,26.7799945259,37.7436962566,39.8413942466,32.8187709831,30.9243540880001,37.035574875,42.5653651419,44.9858799436,40.1290882276,46.0654755486521,47.7572322486,40.6522288776,38.4144366325,39.2700645595,41.8300864601,41.9451454193001,52.9653068656,44.3061859436,45.1543708128,46.0573376986,50.5951003326,48.72353251,48.2486392449999,53.9365630785999,60.8974254596,54.0984934526,59.1169130545999,58.2682869724,57.8730593973,60.3279568816,66.14760509196,57.7104626956999,64.576835087,60.9087013304,62.6359242191,62.0090406939,68.1383532196,69.1807745246,74.6830663648,67.6005012283,68.6499739400002,72.1022721026001,69.5321031580999,74.2110015441999,80.518898251,75.8746269674,72.4408579509999,83.6314142003999,84.4278003455999,77.9278246514001,76.1686648512999,88.18018750349,79.9244817935999,88.9548060018,81.5224895335001,81.5937763083001,83.8945766044999,83.9812117192,93.78633308,91.3954440670001,95.844221748,88.2117013786999,88.5397891092999,89.8281472809,99.0937221024,93.8164265046,101.8403152764,98.1452726553999,95.2319188986,104.2296005688,101.3542861843
34.157647754,28.3220923734,22.62765605746,23.073310715,30.513415836,21.289574574,19.462114372,27.9993035312,25.474911326,16.319970669,14.572102171,14.3714375806,13.521043194,13.5189236646,10000,21.7722751857,14.447926423,17.924408447,15.018599766,16.551573009,18.082531671,19.343049146,20.1931994606,25.072923298,30.1621249732,26.858212575,22.704261746,25.277164228,29.7015599407,26.210727652,36.681344285,38.673390513,29.803469615,30.711039282,35.572385403,41.1600206194,43.982107157,39.4651707978,45.128627338448,46.4730184383,38.707169734,39.5239418300001,40.2424617606001,41.6344045529999,41.5654865119999,52.315625612,43.678130901,44.0065929533999,45.321831612,49.7153072151999,46.584654688,49.759947788,53.284235754,59.2833229566,51.512759316,57.3205302260001,57.4562058778,57.4743260824,59.4071151764999,65.4933694602401,58.8589762200001,63.3349082900001,59.554794311,61.525242234,62.468047256,67.168741885,67.884402808,73.2450791012,65.075087205,66.4032195430001,71.3231944160001,69.4166292890001,73.4148402777998,79.1504646020001,73.0255018494,72.3833804260001,81.6987641383,83.0861423079999,76.0829105649999,77.3984274620001,86.6818783390299,79.9877447259999,88.4235564120001,81.8212012519999,82.318733892,83.5068410420001,84.138681796,92.798281215,90.51966089,94.9667439710001,87.477065657,88.4767295979999,89.8080048229999,98.6694141903001,91.304355748,100.7496041538,96.7298479876,94.9743494646,103.8625499381,99.9786123174
44.0560957771001,33.4237241842,33.9205364093,33.0626263266,39.9382033503,29.5850532286,29.3069289329,37.3042058518,33.6887060428001,26.5075338281,25.7063628731,23.9218994441,23.5645009224,23.0037197632,21.7722751857,10000,21.5847703291,20.7845355949,23.6952740845,24.2364800521,24.7852889476,26.5721764007,28.742016991,31.6266742715,20.8946311369,29.3751351279,31.4509769603,31.9041639271001,32.7270739729,33.3431241971,27.3940506632,44.886402801,38.0668573331,37.8701850931,41.8893156454,32.5272212559,49.500859215,44.8500485108999,51.681168208378,53.1209748676,45.7721422986,47.1691730832,47.6190615051,48.8365581831001,49.7652656331,58.1434377368,51.0555719584,52.8287742036,53.0948052739,56.3682745442,55.2986165641,56.5685969195,59.8604503697,66.4715479162,60.2471236544,63.4415373156999,64.5468305133,63.8323290755,65.4417415584,71.5261038175001,65.6356381714999,69.6623850293999,67.3380553151,68.7271446009,70.0428348256001,72.8001159801,66.9037585895001,79.1120343569001,73.7872866695,75.0340525842,77.7988806988,76.7397142321,79.9057092628,85.5595386345999,80.6270471305,79.7877749129001,89.1773916977999,89.7685448205999,84.5156467694,84.8071728909001,94.0383847309199,86.6343783722999,79.4399609351001,88.2202963972,89.7574348506002,89.4537363010001,90.6147207755999,83.5406869854,93.1435627272,102.1257020456,95.5734114959001,96.0184904352999,96.9806958131001,91.2624906371,99.4324117895998,91.9721289200998,99.9203289618001,101.8812509517,94.8742260655999,105.2585723849
36.131584871,30.2751502188,25.831954198,25.582624809,32.376904139,22.144152676,20.380689644,29.7233249598001,27.23129116,16.66231454,17.72560489,16.54089084,15.759782732,13.7444136399,14.447926423,21.5847703291,10000,16.034829808,14.027547068,13.84258288,13.956818113,15.824535751,19.6430716406,22.054121755,29.2963530562,23.548630222,22.121555254,21.991809613,27.9071673054,22.991351642,35.050543934,35.243622544,28.517306876,27.738821908,32.900023995,39.0487195288001,40.9972291158,37.423449346,42.705042947578,43.8088242789001,37.0226323589999,35.623167328,35.887371826,39.468957753,39.798232362,49.107703101,41.119871283,42.0480094699999,42.1872227810001,47.0217644178,45.401214735,44.847403245,50.570945292,57.0952756242,50.418860234,55.154798114,54.5989239806,55.1200523029001,56.4023513315,61.96875728236,53.525159872,60.899835773,57.587968011,59.656292676,57.830744279,64.5072640910001,65.224293003,71.0827095202001,63.732969219,65.8981338519999,68.734762594,66.575103643,70.6620608542,76.54725908,72.7142749332,68.9018553940001,80.0440302334,80.5935201959999,75.060981021,73.0934843019999,84.2524167929,76.538643925,86.0409256234,78.9287497562001,77.441128151,80.200335744,80.1725034699999,90.3458383630001,88.19176799,92.7413434289999,85.065284776,85.252466375,86.739179567,95.9487821609,90.847085856,98.9847024796,95.682482814,91.8492781886001,100.794078603,97.2627779389
39.706417943,32.5862398271,29.726057809,29.069283509,36.277315657,26.73256136,25.547898414,32.4719938288,30.490318411,22.752649921,21.906042382,20.943877681,19.873539191,19.6464687196,17.924408447,20.7845355949,16.034829808,10000,16.279393931,16.463025221,17.92684712,18.629388069,21.3543389108,23.207542715,25.9145185278,20.5325956378,23.810235685,24.933626295,24.2477449852,26.456298853,32.126279556,37.417643145,30.02450461,29.901124335,33.508686142,40.0604256276,42.6150844556,32.822652555,44.254198338926,45.7555558724,38.416024311,40.127785907,39.8983625926,41.649933253,42.679934188,47.47642844,44.060800358,45.007606062,44.811542682,49.0928520922,47.419891038,49.333850829,51.882122791,58.5230056407,52.193665301,56.657297016,56.293560663,56.644119928,57.6893785075,61.4320289272,58.3833921,59.79283205,60.655123399,61.676599685,62.644196802,65.6284139450001,64.243079149,68.4092362272001,65.715149639,66.9031583149999,69.901431229,69.7768580759999,71.3207669977001,78.3332235440001,73.0366799229001,73.501047869,81.4059369626999,78.194360951,76.6576759520001,77.0478262020001,85.20835165631,80.15395516,84.1968499232,81.9337894410001,82.6451191130001,83.719708501,83.705909116,88.5239384189999,88.506386199,94.1513287899998,87.748020033,88.606621522,89.226817659,97.6623866918998,92.5958379700001,96.3340502655999,90.721187891,94.6441657460001,99.2935238862,98.3519569047001
38.5461424860001,32.2307616807,26.26575449154,25.727861713,34.584479283,23.95276748,22.693631202,31.9310232748,28.99390114,19.87008111,17.668613351,16.5429766212,16.943466614,16.1450333517,15.018599766,23.6952740845,14.027547068,16.279393931,10000,11.443915053,13.077020467,14.581038062,16.3633061994,20.675007517,25.9271531826,21.3093325962,17.895468785,20.795619824,25.7311868827,22.436964699,31.77324034,33.723735822,25.75847921,25.673039402,31.150835727,37.1139396654,39.203078733,34.5620716484,41.077059157226,42.165139248,33.902446811,35.061117304,35.76485966,35.819059993,36.51090473,47.8343398180001,38.550448539,38.8423486472,41.2922874479999,45.3134647900001,42.219296226,44.294547984,48.830571385,55.5296135824,47.087056488,53.340040292,52.9102848186001,53.5595128587,55.5466868665001,60.83348616524,53.8613501400001,58.724561732,53.920617288,56.940374529,58.377182214,63.03707436,63.78598646,68.8773783970999,60.528037839,61.884475777,66.9257847790001,64.543794231,69.37410064,74.759067562,68.3423233831,67.4448854560001,78.0714665949,78.788147335,71.1558567149999,72.5990560040001,82.72086791506,74.8007089000001,84.079565778,77.026427158,78.248118738,79.0067668099999,78.578282736,89.3276107150002,86.4152385500002,90.955050379,81.7307193379999,82.6879192810001,83.919381238,94.3349940054,87.403180064,96.6390058868,92.2473838615999,89.2192682986,99.3073493088,95.9977291919999
38.524525361,33.3099960371,28.188167066,26.942748193,35.134631694,25.162766059,23.34060823,31.929846901,30.307810248,21.06814544,18.819628399,17.8178310292,19.076250578,16.5744963209,16.551573009,24.2364800521,13.84258288,16.463025221,11.443915053,10000,11.713767995,12.232530696,15.9911424468,19.173144251,24.7265891,20.628480671,17.403222309,18.848725045,24.5424535388,21.255218766,30.454818028,32.644756963,25.478173386,24.6141408,29.736971675,35.5343141254,37.5165436574,33.5829712828,39.417174054926,40.6688885894,32.97473007,33.740383337,34.37068582,34.779867726,35.499112474,46.05545584,37.289647755,38.2182382766,40.35218214,43.6456264458,41.493543653,43.2118403419999,47.5801268240001,54.0099440451001,46.3526992320001,53.006797294,51.392350658,51.397306895,54.5156950199999,59.5067075496399,52.0923155900001,57.975076796,53.654429734,56.034260254,56.595728547,61.5668187650001,62.16008594,66.7811162138,60.254477242,61.7686678030001,65.7635353850001,62.865851499,67.7749749301,73.258892635,68.4105850728,65.798134306,77.1027687150001,77.331084915,69.7848248479998,71.766886678,80.9915559088001,73.2762388979998,82.8717323729999,74.9807810488001,76.3422648520001,77.70006497,77.0089180690002,86.8373199360001,85.1347525070001,89.869073302,81.1821743320001,81.8433213739999,82.744461925,92.9412211816,87.1646125079999,95.3379879807999,91.6409612749998,89.19960988,97.6521973405999,94.4790476849001
39.714941256,33.740053644,28.980404246,28.701728083,36.680440982,24.634496194,23.230591188,32.8622372878,30.313865972,19.831965834,20.840647797,19.18587711,19.986201006,17.2132843209,18.082531671,24.7852889476,13.956818113,17.92684712,13.077020467,11.713767995,10000,11.101528524,14.9061691676,17.686381428,23.939608014,19.8770374542,16.635249734,17.806375231,23.5879876724,18.240678174,29.872631108,31.27882156,24.716832579,22.408519683,28.50542184,34.261137319,36.6845940932,32.1111061594,37.775066893852,39.4447277068,33.068783301,31.042581649,31.2715965107,35.114287996,35.218142702,45.002068059,36.082386104,37.64459256,37.107959483,42.766467919,41.184549938,41.663398291,46.147347584,52.8409462808,45.615623039,51.341721808,50.579478957,50.22884239,51.9370065095,57.94434108744,50.294252246,57.031953587,53.03556302,55.146818037,54.422639952,59.89996831,61.172250901,66.8141531714001,59.803864437,61.584907972,64.070188315,61.646856306,66.0439602402001,72.212200076,67.9323916382001,64.2498244439999,75.3435476818,75.9019729059999,70.154345286,68.838411364,79.15669709962,71.4090147747,81.5581507673999,73.5802132206,73.998781657,75.7053924989999,74.486558461,86.1122155389999,84.1313442590001,88.5001286049999,80.613721324,80.4746688099998,82.4033813760001,91.2238761176001,86.587816842,94.0276641312,90.4785959966001,86.0338697039999,96.2917082938,91.858763026
41.208091151,35.0665331061,31.022481268,30.024741136,37.236977043,27.41250896,24.900821139,33.714459829,32.669079004,22.926810596,22.72149976,20.9084485906,21.700090844,19.2787458147,19.343049146,26.5721764007,15.824535751,18.629388069,14.581038062,12.232530696,11.101528524,10000,14.1801047552,16.583093194,22.4895088996,18.418213211,15.935829426,16.41584552,22.6844638445,18.528468596,28.876501433,30.690008501,23.979197418,22.660006018,27.734712962,33.4684515245,35.3424948688,31.85097385,37.412767583852,39.0846172253,31.286886757,31.230500209,31.5358381058,33.532632189,34.422176125,44.427268826,35.094228599,37.3426124746,36.867335208,42.0666992004,40.888545473,41.410425193,45.366924963,52.5556888099999,45.439895674,50.7203010520001,49.529306494,49.6620022166,52.04821596,57.8318586602001,50.447784196,56.4105409790001,51.878715898,54.2670778159999,53.987746355,59.9383867500001,60.491825212,65.6086598762,58.415516231,60.394222066,63.608720247,61.410248744,65.7552499518,71.0674474880001,66.3312359360999,64.0677251830001,74.2765174784,75.6053363750001,69.508348497,68.4760098060001,78.8694967603899,70.9197930000001,81.2518252422,73.748201085,74.0566732210001,75.196142776,75.154328191,85.613135139,82.6348267390001,87.4587831680003,79.668603637,80.2374381810001,80.868253999,90.7144401165999,85.7081458980001,93.6398797938,89.5741421954,87.67707119,96.1800668925,91.74147332
44.127259784,38.0305941153,31.6410803204,32.4083576176,40.0533890326,30.5823971894,28.7755716858,36.4465585464,34.6071840386,25.939329158,23.9325142676,23.4528633174,22.7536335066,23.0554773764,20.1931994606,28.742016991,19.6430716406,21.3543389108,16.3633061994,15.9911424468,14.9061691676,14.1801047552,10000,17.512563719,23.4111217808,19.3649232776,16.2623320936,18.6021189746,23.1754579286,19.7797243228,29.8474645636,31.423933146,23.0749169136,23.8992212936,28.281605971,34.8089812774,35.7786913414,32.6590697264,37.462141497926,39.3472469132,30.0567795632,33.0142826558,33.7375887394,34.8624130774,35.560220028,45.5046746132,37.4703036766,36.5508835748,39.7138097758,43.429228126,39.8918609202,42.8721967532,46.1222669306,52.7655551123999,44.4495688246,50.7695408044,50.1338267058001,50.8415006282,51.7844666121,58.87720926744,51.9910562746,56.1898097612,53.6666090258,54.827868224,55.7365056046,60.2864690634,60.5316445440001,65.6580876148,58.253682066,59.2045184806,64.4729705046,62.6917749046,66.3408645221999,72.2440256689999,65.5897839983,65.5761554588,75.5618752146999,76.3180201921999,69.5058358658,70.8556899001999,79.03883463046,72.3863475458001,81.3141051808,75.2541420866,75.926837451,77.4553171206,77.0224284458001,86.0616922666,83.4408537658,88.9333130241999,80.6658084480001,82.1159895436,82.5115326046,91.9481949976001,84.0221313603998,94.4880228872001,90.1333212238001,87.7798912778001,97.1956165909,92.8204577938
43.519749856,39.9369156786,37.067351617,36.087183036,40.287127488,33.012670079,31.456527095,35.8580660006,37.308801304,28.677665057,28.316057206,27.216351059,27.21606611,25.9452206366,25.072923298,31.6266742715,22.054121755,23.207542715,20.675007517,19.173144251,17.686381428,16.583093194,17.512563719,10000,24.0253728886,19.3860098678,18.464830372,19.218465467,23.2045939798,20.994259166,30.310829487,28.583334514,25.447831492,24.2196052,28.198347013,35.073206243,33.5143122454,31.9418080218,34.869442417326,36.6279549801,33.227812962,33.206760712,33.9235431986,36.048485402,36.809380468,45.15909171,38.598669747,39.638743043,39.56847864,39.5334617168,42.300423117,43.895244713,45.827682892,49.7043718181,47.039305728,50.296589252,46.1303911688,50.7989485454,52.287004779,58.88602932408,52.0664278159999,56.688279247,54.582595147,56.611457249,56.2306346210001,60.598893812,61.388294499,66.4576053303999,60.6989818329999,62.021281087,64.102760519,63.6777058019999,66.5158512422999,69.209555013,68.8289388119,66.5425690749999,75.7137088035999,77.3612737250002,71.339436583,71.3162406770001,76.62347610063,74.1651104874,82.152149049,76.1513516529999,75.991833659,77.656894935,77.7901905620001,86.3618941360001,83.855625351,88.8283185090002,81.7863726549999,83.229650437,83.8242675679999,91.9511901583998,87.3629311509999,94.6184335964,90.1637534492,88.1330780676,97.5160184301001,92.839597329
52.1096493484,45.3762538176,41.985580083,41.1917332374,48.8120530222,38.5075345574,37.8702545252,45.4181003976,42.2078897736,34.7422199816,34.0966124066,32.6504795526,32.6801295022,31.6029255588,30.1621249732,20.8946311369,29.2963530562,25.9145185278,25.9271531826,24.7265891,23.939608014,22.4895088996,23.4111217808,24.0253728886,10000,23.2292769096,22.2186530982,23.1963617714,23.9537639891,24.6619686854,18.23628415,35.9864669182,29.0718716848,28.3541552266,31.8233574304,38.3728663762,41.3834419958,32.7020406534,42.362253880426,43.9102031671001,37.442781692,38.0402642116,37.9397735484,39.7202630946,41.441245419,36.388735784,41.7164399712,42.5185637718,43.1701539270001,47.4512330186,45.3893069896,48.3026353314,50.7143906018,57.063783747,50.4171705496001,54.6046220556,54.2717779264,54.6570698746,55.8995806585,47.643327946,56.366534196,53.6467489314,57.7193102957999,59.6364803608001,61.0587146966,64.2062543993999,58.4516455484,55.2032177252,64.730739048,65.877213482,68.3298633586,66.4892627961999,69.9256596362999,76.4940556488,72.4181273122,71.4399686506,80.0118554093001,68.9647500902,74.3724551610001,74.6223202603999,84.3215638827398,77.5844909574,70.5204728670001,79.5308129196,81.3118051405999,81.7074701848,82.2834096746001,75.107635635,87.6020731330001,92.9575127504,85.8994687998,86.4232102256002,87.9049757872,95.7579729678999,90.5142392126002,83.4043284428,89.9393958066,92.8486656522,85.7206868617,97.2216570449
48.345623073,36.6393942721,38.17465246,37.0518350774,43.779327709,35.4939447328,34.3761246624,41.163445459,38.9935949136,31.4311630844,29.5859828606,28.7433515992,28.7166616632,27.2427603465,26.858212575,29.3751351279,23.548630222,20.5325956378,21.3093325962,20.628480671,19.8770374542,18.418213211,19.3649232776,19.3860098678,23.2292769096,10000,15.3612990782,16.758205598,15.9036515953,18.674704893,24.211495656,29.2149517888,22.5901819488,23.015417534,26.426158069,28.9174392492,34.4355577426,29.7431066184,35.796831176026,37.5617114518,31.2129301084,30.9649162150001,32.081544407,33.5588546338,35.0656353528,42.226474531,35.3771678134,36.985101314,38.0782492062,41.2512245606,40.312631623,41.1862700306,44.121479756,50.6530561283,44.2586541094,48.289404582,48.2511318912,48.332299484,50.2085846517,56.1206330582,50.369250819,53.8796886282,51.81423007,53.7957314248,53.7362734532,57.4882001292001,56.6541355272,63.9394592352001,58.3672252940001,59.3058276418,61.6228169632,61.2992967654,64.6803051595,70.3975696329999,65.8999037997,64.2434244028,73.3562148325999,73.5380332622,68.2091469001999,69.4443766799999,78.2514959340101,71.0132240532,75.7577028412,73.3509477051998,73.8688307606,75.3148590238,75.5124126202001,83.7866646562,76.3707672123999,86.7753536688002,79.7911809532001,80.6071070678001,81.6509135592001,86.5837784994,85.413279008,89.2140853083998,84.0661073372,87.0415784282,91.2842820009,90.5349061062002
46.025970097,40.243600916,34.470089437,34.123424857,42.247423008,31.655381507,30.714175353,39.8911589112,37.119233616,28.104351744,26.331103376,24.8826454744,25.545667567,23.9725297307,22.704261746,31.4509769603,22.121555254,23.810235685,17.895468785,17.403222309,16.635249734,15.935829426,16.2623320936,18.464830372,22.2186530982,15.3612990782,10000,12.300070939,17.4845302006,14.024363844,23.580006697,25.434372793,18.027393747,17.680225302,23.058861666,29.109189958,30.2606235252,26.6587172944,32.512842613578,34.2040505143,25.052022142,27.32360462,26.5641296026,27.865214131,28.477482485,38.608264771,30.33632589,30.7308884186,32.980826367,37.1125623496,34.134883929,36.092640844,40.591946634,47.9029740356,38.624897777,45.88578637,45.0422026788,45.1164772127,47.52742427,52.4958497634799,45.588617382,51.196889224,45.7203356059999,48.390649316,50.098099319,54.3627565789999,55.46976028,60.3526345123,52.176742513,53.938516802,59.109881803,56.289557037,60.5693187996,66.22982879,60.1481034080999,59.5678303689999,70.6875842593,70.7171960850001,63.4382781759999,64.4835631059999,74.2537995139999,66.234838162,75.7959357872,68.654399729,69.9812517239998,70.9893117640001,70.8485876740001,80.464082528,77.7506027299999,82.8117299080001,73.972762502,74.923714896,75.2746655969999,86.0955539518998,79.5844131809999,88.6974984194001,84.4307610174,81.2867465325999,91.1536876527999,87.7046996876999
47.815848764,40.8844939578,37.052067356,35.256398932,43.354325533,33.494342458,31.71172844,40.1183733194,38.564993806,29.147743936,28.146154228,26.93454599,27.51094915,25.1853681501,25.277164228,31.9041639271001,21.991809613,24.933626295,20.795619824,18.848725045,17.806375231,16.41584552,18.6021189746,19.218465467,23.1963617714,16.758205598,12.300070939,10000,17.342602632,12.756141921,22.802112942,24.669188783,17.21674951,17.433569918,21.978911996,28.1163048986,29.9094683136,25.8286806198,31.726111556278,33.2156595012,25.700274878,25.146794541,25.8817512547,27.464354413,28.80465744,38.37752712,30.008647079,31.2782823914,32.14669933,36.5742479656,34.250550585,35.222070981,39.87515325,46.49129775,39.119733796,43.916984178,43.637006102,43.3654628611,45.5473874515001,51.7978812494,44.585517256,50.076461315,46.387701262,48.0324051130001,48.328709071,53.3403155230001,54.11058497,60.2777600441999,53.13417184,54.826531697,57.662871575,55.1324787770001,60.243667322,65.611810299,60.7456164809999,58.390002566,68.8875065479001,70.3008592259999,63.441684539,63.818977052,73.4580904460799,65.197665431,75.2653794752001,68.1786385859999,68.130409294,69.8321513800001,69.453511882,79.840069242,77.3007105489999,81.4333120150001,73.761065346,74.197910479,75.741114898,85.3804985800001,79.9839883990001,88.3565054008002,83.4836528516,81.41868048,90.3835466218,86.5607198606
