10000,87.342155507,40.9314143382,94.1535259629999,18.418270404,44.6443994882,46.5090990614,15.153384462,20.3111286314,35.99485515129,40.2157639891,57.8950772296,44.4630884844,54.8105128679,92.5599068370001,29.9983063801,15.53842089985,106.9614931404,83.726245669,59.4077026343,52.6056865563,40.6011136305,54.239670937,60.736024505,66.439188708,85.326815667,13.061891258,15.427472638,37.4048096496,59.5668067334,33.2364264747,62.03801872996,12.8751350206,16.8025710703,45.47086509,51.8260213026,15.6058336586,14.034150167,15.1808339148,96.4868997050001,18.14129826568,14.0424936412,59.0360211114,105.0969685465,62.507978114,57.062266505,94.140866933,28.5520843586,41.671300329,56.620677445,58.653628353,26.8084894336,58.47288575204,58.7442269227,26.8081147896,13.0921048184,57.730183914,77.41367918888,29.7495656256,93.1388719977999,19.263845379,17.7145580684,54.5991948292,29.0497162338,34.457894342,53.0323760458,60.806496727,96.3698257248001,54.02508538518,30.863062828,22.792015787,17.018128538,36.48296452678,61.70896724,36.733869814,27.5446250014,63.4420438384,17.74791637004,19.16089669498,100.972568089,45.1754336636,45.1521930362,14.743140163,13.34173852162,55.623708815,52.8102107668,18.5421089278,82.88246331742,17.87558071588,91.1201415954,85.649599916,62.423250278,59.4868913324,45.1798656044,14.274423396,30.1053498454,18.69178375642,58.646105375,47.822786373,38.522055738,13.117005141,51.6590384557,89.6871529506,16.9107427756,82.6111525426
87.342155507,10000,42.7899708362,107.474344005,72.787974409,43.9883604508,44.5259649248,86.2760346416,87.6145634753,47.51640543598,44.6796325752,34.1062411376,44.5465672874,35.5533780915,17.850573413,46.8367523222,99.49999512272,17.0390804686,14.710275269,35.5111999174,42.6975792713,45.471619186,33.80131731,34.978588517,86.726504546,17.537637145,79.611538979,89.654596546,46.4199168228,34.983200594,75.7403335277,34.24827401896,97.02996,78.7204911934,43.785742564,35.4548638354,89.8440302974,83.152738748,88.4199995538,16.88510892,82.3207514613201,104.654729695,89.6172551813,15.6059225641,88.1851382650001,92.2252615310001,11.141334768,73.4141954612,36.715586427,35.807023157,36.246439993,89.9729677283,35.49078628192,88.826187037,85.4904587536,96.1226033948001,36.691151665,18.40223293388,97.471881616,16.9328833663,66.838301188,73.0642719724,91.2865524748,97.9588768836,46.23947264,35.3221012312,89.816582116,17.0202212258,33.46133252932,97.9182853340001,101.481688338,81.990274117,46.79156718448,36.272452723,43.9070326227,96.1381679918,87.4885653596,80.69271946926,74.05883663502,18.285342294,42.8665479344,37.8117532248,95.5021839989999,82.99560346862,92.719975534,92.8878966211001,85.4188716209,16.94119327312,74.43857589182,16.8788574228,108.7819496,35.367045139,92.0196577999,43.5828294698,94.134568147,80.1839668681,62.1999273408,35.353413899,44.873927773,54.389839225,98.171442682,35.4913536333,16.4157874408,77.9371158764,15.3252251564
40.9314143382,42.7899708362,10000,72.4283709429,31.1553697779,11.5941820714,10.47229605,48.1495420247,40.6338550732,14.82535519758,11.0908639416,21.4776403553,8.4369491238,18.1607619109,44.4534534868,12.159983938,37.33352767702,47.1498475165,43.3100688309,21.3478036663,10.6503806668,11.5825269518,19.0477384763,20.8297494789,76.7446456608999,44.4992869469,45.8248601309,30.5336087839,15.2317697505,18.9796365956,25.5095257557,21.57426163312,46.1193316254,32.4776296174,9.0240788852,18.3890979921,39.9459164118,46.1325612679,49.558347173,45.5420660032,26.05986059112,43.023738589,71.7123310938001,47.6781774269,75.5664063728001,79.5865154588,45.0657486629,34.0357864334,18.4684216828,17.5288755908,18.9430929303,27.1419808929,19.21280189382,76.2815906501001,25.9492989427,42.9127081246,19.9220619793,44.44639968568,28.9561191263,46.380032156,36.761567703,43.9448698368,80.2093309366,27.5447152357,12.9546797578,18.8709382744,79.8699899153001,47.2627042633,20.10874745749,27.8610266439,29.6077666761,33.3606264129,12.46412823378,20.954723346,11.480371937,28.0123826949,75.4511723795,33.11595658786,41.27667616721,47.1643349999,8.5617679642,18.926995674,47.2246295952,48.35592995252,70.4805032688,82.0366363988,27.5366527773,44.05335862468,36.37344458812,45.2946242347,75.534036664,18.5425662158,72.68570265,9.89292117599999,31.8110914068,28.8570478641,24.10990830708,19.1881163289,12.4117380888,17.3044623272,42.2792670468,17.6885876549,47.2065244378,34.2823459442,44.0882213385
94.1535259629999,107.474344005,72.4283709429,10000,106.487341153,75.4692339682,70.6362345988,79.7601092989999,85.4188763718,74.270010246,69.5975574929,79.4240804457999,67.9753378419,78.1726718839,122.044361156,73.2513059599,88.74366398055,119.6593360266,112.75633467,82.1765128156,75.3495335486,71.033587186,76.460693035,82.685214876,28.487294803,121.903054548,79.754933839,91.7864657629999,62.2632985534,78.4104250626,90.6501262341001,82.33792705304,86.0941834134,94.1808214377,66.531792663,80.214289102,84.8676069964,72.73301258,79.3975560376,125.442519471,98.50665755352,90.3020461268,81.9355645094,117.2177784846,52.937759592,28.371165253,117.009524428,121.4357271356,75.387353641,82.149325279,80.877938729,94.9798698117,88.23636377704,50.2329593993,92.6094153908001,84.47148366,83.961029467,118.21950694212,101.6926906154,113.8679273024,92.495340057,82.1010969614,24.1821290588,105.5797380268,74.353916199,85.7752972762,15.7650542835,125.8794582999,78.99812028759,102.842068058,105.5510495103,106.668241915,71.73116771291,82.568256124,72.6558642091,103.128805731,51.4398118606,94.4040481480399,83.98182320801,125.971042745,70.7599497388,98.2924688988,81.700869505,74.79560585038,104.100705558,21.2544333452,108.8551924781,117.52601257136,91.18910425482,120.5022865919,12.283073118,83.6125686540001,63.9538712292,67.5016370272,100.851300863,93.7991837407,53.99474684228,79.107431822,69.211035517,79.385113595,87.224620733,78.3365091607,116.3303123762,90.3781127184,120.486358471
18.418270404,72.787974409,31.1553697779,106.487341153,10000,34.912375193,34.876011885,22.5504711133,17.7833308386,32.91955496089,30.1991378088,67.3183992829,36.5685524136,55.0835592647,70.732022936,28.683227467,22.98182164196,82.0574611866,65.9435963392,55.3060024838,36.5884850152,32.7622352925,63.0110133721,52.7107735678,68.2679074402,68.1158243468,21.7372647499,16.2346130033,47.9747182504,54.6078497474,29.2951671661,52.18487416496,20.5722966717,15.8520208406,34.052648252,61.9424891506,16.7618944701,21.1097831205,23.3971620241,70.8123341212001,16.50513799688,23.0173993971,57.7499855578,81.6434775555,60.1147049252,59.4720558439,72.5358065143,30.3901400481,64.9302719703,50.9511454788,53.360328588,31.9843043898,55.24765195392,57.2248921215,32.2373677609,20.9647553295,53.7336531328,65.62065608418,31.5686476034,74.8711835905001,18.540321139,17.1872097624,57.7219856002,31.5072975339,31.8243106451,64.6259880744,73.0498117084,73.3571712094,63.41514616278,29.191452353,32.0274210533,25.8496428281,29.82720910951,57.5356420688,30.1228112019,31.0782799185,61.0728444189,18.28857844964,18.92532826102,79.263729725,32.2182307455,64.5269562726,22.2490880643,22.25723807168,57.182757447,58.9226709188,18.8307540901,64.63349648596,18.25534862882,72.2850618918,99.4757008291,54.364413433,55.8007079722,34.2683161074,22.6426263631,32.1813507347,24.14132028418,54.0803675910001,34.6305505648,35.8846768437,21.6307712613,63.2723668064,73.6991051157,17.0954310818,65.3761757317
44.6443994882,43.9883604508,11.5941820714,75.4692339682,34.912375193,10000,10.2362822482,44.2441738852,51.6334485557,14.23824708802,10.989598077,21.2223536822,12.432483909,20.3076015896,46.0085680176,12.095475288,41.67839074895,51.1729214662,45.2643331624,22.9493019847,13.1441346202,12.2955715079,21.9883210156,20.9403393768,78.8508896162,44.9001304298,43.4441905994,36.6172535514,13.4471785486,20.000955616,19.6974039092,20.84299991668,45.9926342318,42.4380937483,10.3467630448,21.1570407598,46.5037282132,37.1406531482,44.1123371912,48.3266126734,27.81770034588,46.3230477908,75.1445032378,52.7502371307,79.8245506328,81.6179494442,47.0120218928,28.2174033284,19.9199740204,18.3270241836,20.6042733238,28.7167831438,21.49414161868,78.2698649821,23.954831556,47.2843437666,21.4866960378,44.89641836886,28.4237147378,48.0561343493,46.9038777653,46.892762273,79.9332395574,26.375099107,13.1381644988,21.1794789566,77.1710496539,49.6778464586,20.78363917842,27.7440064612,26.2065151711,30.8028020804,12.25552720762,22.9532312996,11.4373719591,27.3738321246,79.3112561884001,41.38466370314,48.75445694182,50.8237853298,11.6048441182,20.2971009018,46.2320496762,37.23205504282,74.9367644752,80.1936912672,29.1130965735,46.81993595492,46.42549359358,46.5925686266,79.5199285756,19.9642829504,75.9386184626,11.017302387,34.9104207088,23.117676902,25.08379324702,21.8124787246,11.4381914178,14.8564606804,47.8916564628,20.983569982,47.3749973612,44.163949945,45.581803149
46.5090990614,44.5259649248,10.47229605,70.6362345988,34.876011885,10.2362822482,10000,40.3852740333,47.0048418908,13.40677209102,10.7977579124,22.3284834038,7.8181473766,21.1546501178,46.3310743302,9.9632396294,39.72014366651,49.8426898992,42.5749569816,22.7443095299,14.684168676,12.2308016618,20.5332612868,22.9519285226,73.9439237386,44.1157108292,39.5475345358,33.5195211856,13.8027815454,20.6997373472,19.9980499715,20.54480060668,45.2501278113999,39.9121857674,7.5567694568,22.3542713316,42.5233040959,37.1667421338,40.596551243,46.6287035558,27.99660699488,41.0644184522,68.2840944008,50.6542068478,72.4129453516,76.3873985838,46.5984602348,29.6416740407,21.2710724172,20.3879272738,20.6918211898,28.821010402,21.22843972788,70.4371108443,24.19781049,43.485739004,21.7471972862,44.22509453686,27.5536918128,49.5353356944,43.9629064502,41.6318286644,75.672847916,25.3191217042,11.8143066942,21.4500620649,72.7491440976,48.6738319364,20.48962382102,26.6171432034,24.4636181396,28.9698950154,10.82136762502,22.0454561158,10.1940506148,25.9536618914,71.8613215988,39.41628667714,42.59576844518,50.3370650348,10.4934556744,20.0257502554,45.1294018982,38.04817505942,67.4223478336,76.2302509948,29.8502950323,44.99467756074,44.92105190318,46.768898531,71.6963430908001,20.3871395332,70.3158752113,8.974323118,32.2970806164,23.5986907268,23.34892990348,21.1253050282,11.5135328878,14.0438615782,44.2796707222,19.8037975196,48.1803370774,41.2854333818,44.2141406123
15.153384462,86.2760346416,48.1495420247,79.7601092989999,22.5504711133,44.2441738852,40.3852740333,10000,17.7691716448,47.66609122889,43.6233305758,48.4383483194,40.5990756342,52.1964548176,94.237638222,41.4220051018,12.27417968309,106.3415699857,85.4864572738001,55.6440374954001,56.9474663629,44.602402542,43.4816645976,60.061451829,43.825484567,88.0876920519999,9.5127697839,16.7497647179,39.2028384084,48.7509066392,37.2655696751,52.37001532326,11.7705637294,17.5934941651,43.3229784565,52.9771700407,16.5384582122,14.1275317344,7.61707881420001,99.8840280588,16.97074749068,14.7778137078,44.0603866444,102.7418979561,43.2264058654,40.5137880894,92.8013977445999,16.363926435,36.4911299286,53.763694547,50.7254494534,32.2855165822,56.45430099024,41.3896958787,32.1734088226,14.9710550571,57.666420304,80.38905440666,38.6174623855,92.030991145,16.4399175655,15.5732116484,38.2814769464,37.2971468953,47.02736468,46.6852649682,45.3316160536,99.7297750395,41.37831675168,39.5410540471,31.2787788373,12.7488597996,45.71702083228,53.9541995616,42.6394904141,37.8456735087,43.635736303,17.21617785007,16.65161923202,99.9322792126,46.4459886176,43.5961046712,13.2299842756,9.99486879097999,46.797720569,38.2299955296,14.8162889677,89.56177468086,16.22244724482,93.6023265208,69.3919117276,50.8637907753,41.3012071596,41.7837475933,12.6986557766,35.7653075535,18.5856052078,55.2744076603,41.7012312676,35.0051111796,12.5715921196,43.25516862,90.4563509236,17.7645410464,88.0404763922
20.3111286314,87.6145634753,40.6338550732,85.4188763718,17.7833308386,51.6334485557,47.0048418908,17.7691716448,10000,37.80560067492,41.1571149105,60.0921863616,51.320314765,59.4930501921,91.4680180698,32.1346642935,17.58981070725,98.8993597696999,79.2080051953,61.6465826283,51.6051180324,40.3453327143,53.4549390724,61.0149775214,40.6448716502,84.4891918193,17.0639614317,13.6254247908,46.2794576506,59.7828447792,43.4131277857,56.44227869188,17.861171546,11.1842145475,45.4229099694,64.4010612114,13.912558754,17.1833016482,17.8452150468,93.1938913843,14.1086842956,19.3975205396,38.5233782685,102.2695534426,37.2370107134,34.4025997024,91.2457025558001,21.1397066076,47.8843003572,56.8241995298,57.0792191307,36.7630726079,58.42985290322,34.792755698,37.706125483,17.3586601456,56.7536155694,76.1729466618,40.7927003626,91.5555876511,17.0688785754,13.5721323728,32.752393291,40.7270780054,38.2087862734,57.512748761,41.1736845307,92.4601017036,49.90576737508,39.5030240592,32.6192749865,19.2388394482,37.17537329018,61.7266888073,37.2094940292,40.876965038,37.7702783308,13.05604653914,12.37023919242,93.4018490938,42.5197102648,51.0030186311,18.4770260962,17.40097022238,38.1670112348,33.4306578084,14.0832669425,82.41607276972,13.63041230112,89.6713050142,73.8356176862,57.3064085592,36.561105351,45.3556963856,19.2131335394,41.5113353632,14.75384593678,60.6955383528,47.3305896494,38.4965594602,17.90158795,50.2560670162,90.0820467976,14.4245595464,83.3918286084001
35.99485515129,47.51640543598,14.82535519758,74.270010246,32.91955496089,14.23824708802,13.40677209102,47.66609122889,37.80560067492,10000,13.20259383989,22.11000092269,13.88965461418,18.35458633268,49.04807937538,11.41346596882,33.13683307787,50.31779761458,47.03709552398,18.78460863079,14.61189485338,12.31138948128,18.38104550418,20.65648287609,73.8313091555101,46.66446611858,46.65631023929,29.24478758629,11.70646022798,19.25757715758,27.44392766691,18.92887063858,43.26478933049,31.26164442649,13.81049109238,19.06958769022,35.82143400218,51.11513963731,47.57252559822,48.03132410418,26.11674764728,39.08601600178,70.49663127061,51.96214038698,73.94508957922,78.31622831071,48.71919586598,32.74917495962,19.91476448011,20.05843061038,17.69019263402,25.51457626401,17.92271579186,73.0584303596101,25.90351628731,39.26194316578,19.43611921318,47.58802124618,26.02683803031,51.66192154858,35.60106595309,41.3964105376199,79.0482829604899,26.46874933551,6.20380575138,19.65978665018,83.22585175521,50.48098304198,20.27610885911,26.40511284891,29.90896453821,32.94877758309,12.0363509774,19.39210030738,13.69927056239,26.23463666771,72.97899291941,32.10637749036,39.44847090787,51.22660056141,11.41448742958,20.79849201958,44.79751293029,53.65123710133,70.30869426211,81.02919688799,27.27931241809,45.37989643392,33.89310043567,48.15414392678,76.34612535709,19.81294646722,71.14514508851,13.41485482678,31.36602046129,28.75608241091,23.70647017813,18.71852442178,12.50300147789,19.00787605342,40.11037946729,18.13646430448,50.30059368038,31.39200418949,45.77195195888
40.2157639891,44.6796325752,11.0908639416,69.5975574929,30.1991378088,10.989598077,10.7977579124,43.6233305758,41.1571149105,13.20259383989,10000,22.0726479166,10.5841798892,18.586781276,47.2797906278,8.63801038500001,38.141833906105,49.3326406685,44.2120044819,22.4060372837,13.5126138098,6.8155681757,21.1885615872,21.8893863049,73.9506049949,45.1692933978,42.0979573732,29.2504233001,11.5954601826,20.3947138081,22.823417072,20.57336959986,44.8643266065,33.142727351,10.2836390978,20.1949266737,35.769201502,42.6291794432,44.6886697876,47.2056523062,26.08131316678,41.1970045483,68.9504792895,50.0304722815,73.7272050479,76.3480380542,47.8041385842,31.0212170051,18.2526316558,19.1028770652,22.0181886212,24.6633939968,20.70470519928,72.3574175726,25.7940902497,42.5543201332,21.3547476198,45.60720984126,24.6747795814,48.7478427377,39.7251352209,46.0523794823,75.869245285,23.5803029349,11.9611458018,22.2373297373,77.4585008729,49.0511134427,21.83077527962,24.2462943891,26.8397446254,29.4537443831,9.63473543742,23.5554813102,6.971963953,24.7909011325,73.1625345464,34.43953568684,42.43145919422,51.9640203252,10.9844545976,20.2164313597,46.0670026481,42.84455826942,68.3424676449,79.4961114901001,26.3072926832,45.10409195662,39.41663231672,48.3678189763,71.0973442402,21.1337330088,69.2149571923,6.5240991096,30.1206283931,25.0913868302,24.1666835396,20.0281928228,6.7465849702,14.6080686788,42.3408740111,20.0654197738,48.9229147564,34.953444313,44.7297335319
57.8950772296,34.1062411376,21.4776403553,79.4240804457999,67.3183992829,21.2223536822,22.3284834038,48.4383483194,60.0921863616,22.11000092269,22.0726479166,10000,21.8281785452,14.3573310883,36.1221957196,22.1843526342,53.524439442065,38.195053761,34.6960716586,14.2422384982,18.4846400818,21.0860028394,12.3782345494,11.3417097556,64.537394512,35.4017809528,45.5343908096,59.4925824796,23.937186129,13.332201253,39.7829294611,11.84272311448,51.17188775,61.7096004666,20.6394685786,12.9508623884,57.388165997,42.2665466924,48.9628593614,38.7154182428,46.47230252948,45.2740041124,71.6895677487,39.025501683,69.296229643,71.5677421178,37.3587400236,38.7442580696,12.6075413326,12.9373280906,15.2062596754,42.2822261009,17.14272974848,68.8174381023,43.4278175352,56.4832329334,12.6070014644,37.0126084788,41.6708836462,37.1538757874,52.3355053468,50.770242492,71.6850783972001,39.4391385816,22.1932700326,12.8585184094,67.9925016223,36.6684234215,10.38040032158,40.9472523493,37.3228654677,43.4752428938,21.30575772131,13.5956632436,21.5024761869,41.174299782,67.6044975166,56.95676674834,50.56370399638,38.5806035046,20.37366065,15.9881694828,51.2893201936,44.32562483222,72.5551477112,71.7047233333,46.0799260517999,36.7134975987,55.42757913848,36.0628536451,72.5224422894,11.4246539904,72.5850759312,21.054113583,50.9572023868,43.2862840012,31.06681260298,13.3110545044,21.3772610454,28.5006621646,56.9686143866,14.06176103,39.5855863606,60.0217255064,35.2337816594
44.4630884844,44.5465672874,8.4369491238,67.9753378419,36.5685524136,12.432483909,7.8181473766,40.5990756342,51.320314765,13.88965461418,10.5841798892,21.8281785452,10000,21.5975392086,46.8054271984,9.1891079884,43.87680998261,50.3320792762,43.6185906764,23.1847510104,13.9477679874,11.3757082821,19.8928278596,23.6829355924,76.048231658,45.2300334607,42.1603029314,36.6717644647,12.2570395952,20.6681225582,19.7639792337,21.75952698952,46.1962107025,42.8236712899,6.6322882854,21.856650998,48.1132273789,34.5024053436,41.17443856,47.6441809177,28.71346190402,46.8055841345,72.6362443205,51.2056781371,76.071168875,78.6222240864,46.7926842554,30.4315505711,20.5423220654,21.0986408994,20.8426417367,27.4743707617,21.45387716552,75.2568118573,24.059177564,45.8339150037,21.9093408706,44.38975988958,28.1548592588,48.2662061144,46.5764877114,45.624869669,77.7784246132001,24.9335595765,12.7332901424,21.3767216355,72.9839622053,49.3031771287,20.56957447429,26.9401600114,25.3771977399,32.3036888724,10.16798917138,22.7347862634,9.4435047946,26.7557549854,76.256710009,42.47890449446,47.26520009812,50.5049238574,8.95904043980001,19.8889290142,44.2734037484,34.24417030102,71.0890620428,77.9558328355001,30.5361600702,45.59600522334,46.98002582982,47.3719409779,72.4017259816,20.1846234226,73.2930471755,9.08469301820001,34.2606756617,22.5901317196,22.11190842488,21.7363786786,9.5401960586,14.7830844204,46.4156681744,20.973604752,47.7687449263,43.8692954964,44.755682461
54.8105128679,35.5533780915,18.1607619109,78.1726718839,55.0835592647,20.3076015896,21.1546501178,52.1964548176,59.4930501921,18.35458633268,18.586781276,14.3573310883,21.5975392086,10000,37.4385825951,20.6499039197,48.59932594425,37.6638957774,37.3190540469,14.6376741122,18.3738200904,19.4617126672,16.0802804598,11.9054212656,70.6872860552,37.3395323311,47.6001730599,53.8538093258,23.1052296129,11.1285345126,39.2483903838,10.98544161892,49.8410211145,54.6976525954,19.8622021379,7.1088494316,53.9455626955,42.0098613719,52.0972610047,39.8217716801,37.95069070182,47.6777840247,72.0976732704001,38.0000357824,74.913841823,76.1472147156,37.6367470643,35.4141350218,13.009447269,11.3885977001,11.8430905156,34.9764528408,12.88696738812,74.2179146756,34.9319039316,54.2880930529,10.8607544687,36.71558741366,33.8525979111,37.381091501,53.5629076034,56.783745884,77.0349993659,32.5581671597,17.8975929741,13.6620726795,71.1336238169,38.19075563,14.01262628228,33.8714737959,33.7338133089,38.4663686395,22.14299036287,14.1912841704,19.0076824067,33.0798453063,74.60742209,50.73383265746,54.80559802691,38.7662359535,19.1278017118,17.0482009323,47.4844686559,44.96420148952,72.5143336823,77.6814721684001,40.5288547248,36.90104462192,54.31186656852,37.8628857368,70.7365880593,11.6664132392,73.1219924264,19.7046010303,44.3463758879,38.4368971531,31.05698000008,8.27178586740001,20.8670546663,26.986669445,53.9288278758,11.1629995361,38.8210005189,55.6475054858,37.0399090313
92.5599068370001,17.850573413,44.4534534868,122.044361156,70.732022936,46.0085680176,46.3310743302,94.237638222,91.4680180698,49.04807937538,47.2797906278,36.1221957196,46.8054271984,37.4385825951,10000,48.3524917948,98.33789857981,19.0140834128,15.230474664,37.7216242812,44.2977796679,46.112228788,36.633127988,36.284101876,92.8719362239999,14.59326544,84.042556505,85.439977074,47.2512917312,37.2899392852,78.4313085062001,36.53615115792,105.3074158221,78.8575813094001,46.487739469,37.548820464,97.2835550034,89.823192553,96.2662087358001,17.184654332,76.70308347668,106.5292894478,95.8096707325,18.2473755549,96.604396518,99.541215992,15.885908182,74.8820630362,39.338451952,35.40079619,37.749716294,92.3504764347,37.68834844908,97.5155267036,89.0005645804,104.1568837412,36.372463891,19.74438810412,94.4288696134,19.1402842075,64.8801948875,74.8454184986,97.9102557166,94.8198135548001,46.409238092,36.2787576893,92.3455433555,12.3292314312,35.47246191718,94.815101284,98.82886058,77.042804506,46.86104949292,37.025249265,47.0303989547,94.3752342834,96.2382074357,79.75309953494,77.39670347098,14.391125255,45.6963783446,39.7130656394,103.03983986,87.67994721462,97.327343915,99.7494580629,77.9208879231,19.11633007264,72.88291009678,12.42283971,116.279919418,36.359240757,97.6223641422,45.8295430998,86.363703447,82.8153764695,66.21652237506,38.178652161,46.847985647,55.726100319,104.73910862,37.1736536933,15.7603950476,80.2811102574,12.4609284706
29.9983063801,46.8367523222,12.159983938,73.2513059599,28.683227467,12.095475288,9.9632396294,41.4220051018,32.1346642935,11.41346596882,8.63801038500001,22.1843526342,9.1891079884,20.6499039197,48.3524917948,10000,31.40068217631,51.0306339445,45.3426901219,21.4168733072,13.761258007,9.8063292422,20.1243137732,23.4494282129,70.7019989599,45.4707807688,40.3582031142,26.0247126051,12.4847043816,20.5927011615,22.7536716414,21.35373544898,37.5744202565,27.1941555737,9.63755871180001,21.8654548288,29.0151627408,45.4584152802,42.5625160883,47.0629139212,25.83325152642,35.0765512109,66.1964514227,51.2643678491,69.3147374639,73.8969930672,48.1680057802,32.8401866759,19.3916484078,21.6397871872,19.0772887702,24.1536483928,20.06071604328,69.0599398622,23.0830748357,35.5249727143,20.5887475848,46.40622640826,26.2387858575,50.8006667557,31.8317946869,36.2783081323,72.1652249831,25.1172318739,12.1477527708,23.0393135893,77.9942804869,49.5342226036,20.00723099062,25.9402268236,28.5814893312,30.6467184831,12.32580797898,22.4593052752,7.8477652744,26.8425426781,70.9187619914,28.88541068536,33.34023156522,53.5718691602,8.4692631726,21.0131564821,38.8050494001,46.50047781518,65.8751485979,74.6186681941,25.7612920756,45.57594270184,29.62879156822,48.0948115233,71.5095025742,20.3711161608,66.4365276617,7.7600738504,27.8181057311,24.7557506712,25.50985579908,20.4952855838,9.1482032662,14.6754711538,35.7504928861,19.0153614042,50.3381233494,27.524757445,44.8211087919
15.53842089985,99.49999512272,37.33352767702,88.74366398055,22.98182164196,41.67839074895,39.72014366651,12.27417968309,17.58981070725,33.13683307787,38.141833906105,53.524439442065,43.87680998261,48.59932594425,98.33789857981,31.40068217631,10000,98.7360741777251,93.65319612422,48.52639842421,45.22763912082,36.40728302919,47.965932189065,47.91307546679,45.57763003884,93.96653327455,12.31502913705,16.144370639845,45.7992942801,46.98624905801,36.53856694582,45.25449042393,11.70125571639,16.61726985882,41.06726106452,54.39688830861,16.29482084766,10.92640721645,13.61719915601,102.475611297465,15.76616351608,14.22832617559,42.13969834685,108.154754299625,41.81086850643,40.09612508322,102.58294648324,12.65376289265,40.67114537621,47.11753815792,44.67069613115,39.259958249665,44.25588035393,39.17287545907,38.059711517265,10.85746429192,43.14732265085,89.99336131651,36.78153579481,107.89334999728,17.427485408035,16.362027310215,39.48362663985,38.49554408325,33.04218902385,50.13493127605,48.51088277522,97.66332290874,48.055950590785,37.45990661425,32.48027728385,12.14870857399,35.26434651157,47.11824165555,35.39775724605,37.52329894101,41.60390230979,15.7236255094,16.90422571892,94.05805001891,38.65157050825,48.49647127366,10.68775762781,11.18507312029,40.21591633949,39.423834734105,15.321846535345,96.425286257125,16.25733502632,101.788940121765,78.90700849945,45.27895784911,39.80069150382,40.84259339735,13.57249505915,36.298749059565,18.94157884547,47.31765745915,40.72572415509,34.87673807821,9.40556784591,48.14891165632,104.844954914065,16.53678205918,91.14517833631
106.9614931404,17.0390804686,47.1498475165,119.6593360266,82.0574611866,51.1729214662,49.8426898992,106.3415699857,98.8993597696999,50.31779761458,49.3326406685,38.195053761,50.3320792762,37.6638957774,19.0140834128,51.0306339445,98.7360741777251,10000,19.3281901536,37.3571004466,44.9618751288,48.8700119844,38.7761770114,37.6115245164,96.4232486306,18.4061665714,97.7315198744,93.1298179618,51.8809505728,39.0194936854,90.8966601284,37.78105468236,108.5653044367,87.6212685072001,48.7662403496,38.3210145585,101.0065538686,100.5943029106,108.2348228672,18.3093651484,81.5808722344401,107.1524309186,99.8223724597,11.3094795532,99.5053397446,102.8821037096,17.4589064208,77.9140047998,41.4006138906,38.2330151146,38.9813582864,97.5649221376,38.78789055444,100.4788242107,94.9860401536,111.3977426299,38.5755218636,18.29144900072,99.6292698625,16.6468270512,79.8553272306999,87.2712737136,103.9209609658,100.0755881502,48.1124255804,39.726582712,97.7028202491,16.8168156588,37.74463924392,100.2972434299,103.1626785733,78.7190948174,49.57209179511,39.4464069434,48.2660661477,99.1172547334,99.7074158496,86.14774263617,90.16154358758,15.6948700816,46.8680242192,46.1136340546,107.9309243556,99.52777650522,104.7339673376,105.2115373213,79.5471554524,17.28620062172,86.23577137618,17.0788698334,121.9764520444,38.7666058056,100.0181377232,49.2134095804,85.6306843636,95.2552766337,70.6622873662701,39.2427183196,50.5402791276,62.3049642026,111.0228447496,39.0961612869,18.4081442684,89.9800068564,17.425683439
83.726245669,14.710275269,43.3100688309,112.75633467,65.9435963392,45.2643331624,42.5749569816,85.4864572738001,79.2080051953,47.03709552398,44.2120044819,34.6960716586,43.6185906764,37.3190540469,15.230474664,45.3426901219,93.65319612422,19.3281901536,10000,37.4852225274,43.4426999679,44.0392614695,34.043667442,36.726517242,87.060661851,15.116818586,77.70599219,82.624437917,44.7084709898,35.51906824,70.9854182703,34.70224359308,95.0165303775999,70.8071818924,43.668592334,37.7245010656,85.5707300104,83.587041294,87.5602768206,14.969895749,78.51088310968,104.9352311772,92.0396783163,16.1765363514,89.779350912,93.310396577,14.523852069,73.4831963822001,37.316137139,36.844574651,36.206940246,83.5234682597,37.73893091108,90.038751039,79.7299173626,94.5250272838,36.852619668,16.49247925312,91.4793215713,17.3813524558,59.539128854,66.2116980498,92.2525834096001,96.5510571836001,45.475156761,35.7357683714,90.5990134125001,18.4525108758,32.75991255109,91.8848570850001,99.3535067812,81.090182181,44.74617134221,38.129697481,43.7981499433,93.9150065685,88.3173752657,71.11235810394,67.27917841702,18.603915047,43.5703068504,36.3409733462,93.048013545,80.96419698838,94.228743247,93.1630650419001,76.6188124487001,15.99209333604,67.35081508202,16.0071198322,108.307804536,34.936654376,93.4122612378001,42.5221922888,90.6194975049999,74.4830542642,60.56428557409,36.797446981,44.027572851,50.973965964,95.749024283,35.2764706804,17.0990624156,71.2823559743999,18.1161778766
59.4077026343,35.5111999174,21.3478036663,82.1765128156,55.3060024838,22.9493019847,22.7443095299,55.6440374954001,61.6465826283,18.78460863079,22.4060372837,14.2422384982,23.1847510104,14.6376741122,37.7216242812,21.4168733072,48.52639842421,37.3571004466,37.4852225274,10000,19.67686179,21.8700366569,13.9751938372,12.99537751,72.9128158784001,36.9827004122,51.844058526,52.7298806901,24.100681939,14.7183012904,39.7254863009,13.6157079882,53.2537890309,53.5637392256,21.9248744758,12.239713624,58.4946433355,46.689524814,55.974515911,39.0959549713,37.78955595082,52.3271844281,72.924345676,37.140467391,75.9056697884,79.4269391331,36.4884305402,37.1166829717,14.0536959408,13.9158758188,13.3287466602,37.6187947156,11.36303107912,76.0113006379,37.8350954761,57.0142816885,13.833632326,37.00411763386,37.1688216567,36.6342392596,54.8330537168,60.3449693438,80.3617566012001,37.6571062411,20.828193236,14.3434093178,73.9875875631,38.1870585865,15.15264167582,37.9437430383,39.321702077,38.1859628565,21.49999838447,13.518891513,22.1322597616,37.8657566535,74.4417215268,50.73191359306,58.51110434278,38.4824747428,19.8206012394,16.4121859302,51.5332736481,49.83048638242,73.8739254602,80.2168584794,39.9571635232,37.91393496922,54.78437419308,37.7061020987,73.3511931332,14.786455209,74.6321363471,22.4587422616,46.3575233835,39.8552882707,32.06366757778,14.052140394,22.2825665747,29.6350678932,56.5802689191,12.9740787171,37.9734472261,55.4404007874001,37.0615966265
52.6056865563,42.6975792713,10.6503806668,75.3495335486,36.5884850152,13.1441346202,14.684168676,56.9474663629,51.6051180324,14.61189485338,13.5126138098,18.4846400818,13.9477679874,18.3738200904,44.2977796679,13.761258007,45.22763912082,44.9618751288,43.4426999679,19.67686179,10000,11.9150919631,18.9651051075,18.9590788304,84.0714796031,43.8445268049,56.4723757239,41.2783173989,16.3685366402,18.9910594051,29.2806293542,19.55360427142,58.7012959686,39.6674464934,13.5250340818,17.9539361,54.434920514,50.0557305946,59.4471582046,43.6650528257,30.23755087492,54.9026576434,80.6997011498,46.7194227391,84.1122915361001,89.6808018289,44.5817727917,38.1916355637,19.3326649424,17.3918716274,17.9632365382,30.5392124339,19.82715221824,83.8103760504,29.1925349959,55.3940881246,19.1807935992,44.12941728506,33.032380034,44.6591886126,43.4342502246,54.5253921418,89.3969031131,32.6767403467,14.4971486437,19.1557924474,88.0709789656,45.9765436939,18.19424539878,33.0323870549,35.4789383194,42.5858493046,12.86279963458,22.5521512539,15.2424988379,32.9967667024,83.3430759324,40.49572086326,50.30586877142,43.9664185227,11.7954972576,22.14407308,63.0991319056,50.74439289642,80.5051011263,92.6764101404001,30.8553463254,43.51025016322,42.22426871582,45.3216554937,85.2962835316,18.1491303962,82.6956653259,13.1751807945,41.0083769779,33.2513981944,25.46836267178,19.4456212985,14.0590826746,20.6187773497,54.6144433416,18.6290907126,46.075454163,41.2821053986,43.9784288137
40.6011136305,45.471619186,11.5825269518,71.033587186,32.7622352925,12.2955715079,12.2308016618,44.602402542,40.3453327143,12.31138948128,6.8155681757,21.0860028394,11.3757082821,19.4617126672,46.112228788,9.8063292422,36.40728302919,48.8700119844,44.0392614695,21.8700366569,11.9150919631,10000,18.3852739495,21.2176068115,74.0517508555,44.32153631,43.4010597825,29.8092706645,10.3001973634,20.8387076929,22.2316149895,20.31043407396,44.2458885109,33.074581805,12.0668520535,20.7678081724,38.2619176799,43.5431029405,47.3281102348,46.635750039,26.67871170268,40.5501784807,70.5374656505,49.9982797046,74.2352503044999,78.5745812075,47.658784953,32.6672964942,18.862410049,19.5254780315,20.421613689,24.2695727802,20.47221366258,73.3693403898,25.4367267541,42.2223428849,20.7975075195,45.450176936,25.4669405521,49.4108197938,38.24983215,46.2717505034,76.7728333828001,23.5429505593,10.800037512,20.9981069802,80.4783689455001,48.5905679498,18.85325620632,24.6220193035,28.0824106357,31.540826918,9.32709272772,22.1739016725,9.9975396188,24.7662469245,73.1049882231,32.84991318174,42.25172241451,50.141995534,10.1712729569,20.1789495138,46.4217929505,44.76177964212,70.8084509225,80.2138496007,27.1944101826,44.46383986942,37.87964404302,47.4087707484,73.9518213810001,20.903815401,71.9097478859,8.4508813942,31.3392863005,24.5351699567,22.6553689913,20.4960886865,7.71837751450001,16.200223492,41.9156791145,20.7861935009,49.4126471232,34.3346874577,44.3023423854
54.239670937,33.80131731,19.0477384763,76.460693035,63.0110133721,21.9883210156,20.5332612868,43.4816645976,53.4549390724,18.38104550418,21.1885615872,12.3782345494,19.8928278596,16.0802804598,36.633127988,20.1243137732,47.965932189065,38.7761770114,34.043667442,13.9751938372,18.9651051075,18.3852739495,10000,14.110919372,60.931129126,35.961776976,41.909869434,54.051354721,21.5710108634,14.6098081534,35.8304457528,14.45025229896,46.6107254204,54.6170225827,20.529518452,15.0980506812,53.8396723764,37.915796633,44.6022079228,37.948288839,44.86718743968,40.1291521596,67.9280406837,39.7390714794,65.917842532,67.380469455,37.215798311,36.1317969972,13.04415615,14.730748745,13.162818832,38.3734890157,15.12485078808,66.6642027913,40.5821164916,50.5789188397,13.585971371,37.00452860594,38.3648140343,38.115007269,46.191965604,45.1708980064,67.4442923428,34.9562857328,18.726722665,13.0943368472,62.624005211,38.0781400171,11.81896133732,37.209975418,32.0541975259,42.943042307,19.57053083268,13.458552668,20.2711607923,37.1725479104,65.0181699777,55.59900168357,46.25481237398,40.380547894,18.3118707886,14.2664954814,46.31650893,40.65857988738,71.62457793,67.1348533999,45.5616193094,36.41074196342,47.41848020448,36.4758233795,70.496289914,15.074325197,68.1955667794,20.6270778224,47.741354398,39.2517385696,29.4237809252,14.826585119,19.676207816,26.714086219,50.685787242,13.4173530343,38.2793996922,52.0188578164,35.3103847944
60.736024505,34.978588517,20.8297494789,82.685214876,52.7107735678,20.9403393768,22.9519285226,60.061451829,61.0149775214,20.65648287609,21.8893863049,11.3417097556,23.6829355924,11.9054212656,36.284101876,23.4494282129,47.91307546679,37.6115245164,36.726517242,12.99537751,18.9590788304,21.2176068115,14.110919372,10000,75.7141304000001,36.447244744,55.783144917,49.821130852,24.2508978286,15.0820366004,39.3275521866,11.07701891196,56.1991073756,50.8004328077,22.282138213,9.3094793044,62.2867672566,49.274204672,58.9818203096,38.460121773,34.49623296668,54.4480045042,74.6325828997,38.9288985254,77.180650242,83.379332442,37.353217517,36.8515827236,14.576470187,10.366313143,12.029307698,36.2348196656,12.59441233608,77.0160404657,37.6193238406,59.2230393652,14.397696058,37.52058438,36.2122760606,38.350911374,51.941529108,62.3962562316,83.1676774538,36.4919521188,21.171282596,12.5284571168,77.9697920485,37.9902311621,12.18736694159,36.34310143,38.3928339649,38.105689893,20.13390520871,12.901624862,22.1348085051,36.2707269374,77.1131960517,47.77248606774,57.85852247798,37.297125358,22.2305870386,17.1282583702,54.02841215,51.68046375962,74.474124646,82.5793720129001,36.7427353979,37.74808107512,52.62689927168,35.1322334905,74.275339666,12.908301102,76.3592636294,22.5933778254,44.51360725,40.3303247103,33.28422239801,13.578331351,22.096582371,28.658065222,58.556233804,15.2310738743,38.1809672186,54.2467788932,36.1079482382999
66.439188708,86.726504546,76.7446456608999,28.487294803,68.2679074402,78.8508896162,73.9439237386,43.825484567,40.6448716502,73.8313091555101,73.9506049949,64.537394512,76.048231658,70.6872860552,92.8719362239999,70.7019989599,45.57763003884,96.4232486306,87.060661851,72.9128158784001,84.0714796031,74.0517508555,60.931129126,75.7141304000001,10000,90.732016772,39.984298029,51.747726444,70.9793808254,67.3813615046,93.3361170997998,71.11522234704,51.5861126154,42.799042454,76.404004088,70.146669444,57.8507174827,45.201178064,42.7838297478,95.8384682140001,53.31751855068,56.5952366578,11.208937137,96.8841572335001,10.158160681,12.507141815,90.0073580180001,60.0569926394,53.147505919,70.383995877,68.056082983,94.1187464936999,71.38400952312,9.6092918243,95.8673657836,49.9738845698001,70.081683598,87.72135698418,97.3607085994,92.6169222784,39.762684523,37.4199817074,12.8965025038,93.9521009862,73.627594232,63.3134097082,13.5325420185,94.9296963798,60.167344501,96.0792528265,71.4591793663,48.285801431,73.91070748261,73.050292228,74.4044048221,96.1478585843,8.6183575812,39.99521183894,36.20778233702,89.229330329,76.7497861672,59.6516983838,52.631681002,47.3418339203801,11.932393463,12.9850724192,45.4061693387,90.93918329226,38.57805333832,91.6748849774,17.621770404,67.692410779,11.7438036244,75.1543175056,50.601127779,93.4230635536,53.12977366368,72.313378964,73.692038328,68.676242558,49.428992042,60.1640874867,89.9499171382,42.531201338,92.125180581
85.326815667,17.537637145,44.4992869469,121.903054548,68.1158243468,44.9001304298,44.1157108292,88.0876920519999,84.4891918193,46.66446611858,45.1692933978,35.4017809528,45.2300334607,37.3395323311,14.59326544,45.4707807688,93.96653327455,18.4061665714,15.116818586,36.9827004122,43.8445268049,44.32153631,35.961776976,36.447244744,90.732016772,10000,78.445235547,79.067007637,46.6711081576,37.2440923924,77.315623237,36.61673246396,99.8940773446,73.7016071914,44.993746688,38.3567362954,93.7492720653999,89.297222216,90.3574619568,19.190987962,75.05049829768,104.6893908912,91.6091923309,17.3444159514,93.4505074859999,97.1714497619999,17.25976456,72.3515090412,38.296982373,36.564354115,37.982431474,91.9573782676,37.69740386008,94.7131160826,87.5033642956,98.7906575662,37.745780746,15.95979930412,92.0358955206,17.118681712,62.8157874880001,69.1095186366,96.2993660368,93.1794622696,44.364285646,36.8132065878,91.9430414175,15.2685624718,34.21479966518,92.356598586,95.5970591657,75.065531794,45.43317237861,37.906133904,43.6825728091,91.7919991089999,92.3566261657,75.13080103494,70.93957138798,17.894313197,43.5978711126,39.4226819814,102.450238524,87.47530613562,92.874705733,96.5785051328999,76.2767179245001,18.33498036988,69.8191644417801,18.6854725931,110.755292452,37.495386414,94.7496879931999,44.1943823708,82.599243786,81.0162518358,66.45156313892,38.291370927,45.139127643,52.108158205,100.067867744,37.5133182243,17.7866167288,73.9380561914,15.3082730096
13.061891258,79.611538979,45.8248601309,79.754933839,21.7372647499,43.4441905994,39.5475345358,9.5127697839,17.0639614317,46.65631023929,42.0979573732,45.5343908096,42.1603029314,47.6001730599,84.042556505,40.3582031142,12.31502913705,97.7315198744,77.70599219,51.844058526,56.4723757239,43.4010597825,41.909869434,55.783144917,39.984298029,78.445235547,10000,15.774020903,37.2253223522,45.2558940204,38.8750927814,48.75928865908,12.4700505433,15.7823631533,41.534311003,46.5683221276,16.4212886276,13.664748014,10.0250725538,90.261451186,16.19493099868,14.4628470952,43.4270860887,95.8007063223,41.484840985,39.094438926,85.563347023,20.9469470148,34.273824692,48.979248502,45.314320048,32.2288582007,53.2145874388,39.8720019457,32.3303354776,12.365813893,54.568038629,75.46214029588,37.8199763766,85.8773499356,15.522989675,14.5984366644,37.4800415828,37.4640676268,44.144376317,44.4083199112,41.1529807415,89.0901566518,38.83776653109,38.938562632,34.113076691,13.943188648,44.08626767492,49.393876872,41.3182953871,37.2739598544,42.9715702747,15.38830809904,15.54260286298,94.221009414,45.7311374686,41.9838024148,12.133170251,12.03017650862,44.931725444,37.9009037169,13.730148016,79.03507525426,15.36071846206,84.2397548674,70.727345355,46.409047979,40.8204312384,40.9568029394,11.784220456,35.6511676508,16.97521784282,50.650648774,41.129850262,34.092348654,11.087198876,39.5276773414,82.5355951666,16.5329411306,77.2675930743
