10000,3.3797591352633,3.16070292228104,3.91555131378633,4.35371609412018,5.53699637382243,6.44016311521231,7.06163366264905,8.14606947261692,9.32599919887227,10.2823245161898,11.3347767810242,12.2321145256008,13.2813910490504,14.3816836812321,15.184605726092,16.0378102435102,17.3304857546864,18.2756466305545,19.1963928176457,20.1725392158277,21.1371855320384,22.1570688838997,23.1643062488407,24.0977622876248,25.2118536811142,26.0142612823563,27.0269299870784,28.0978855813844,29.127313858946,30.0619648866465,31.1141947953052,32.0120452716326,33.0240719381084,34.0854730497581,35.1065929545392,36.0175684790016,37.0149365172428,38.011089455027,39.1386162060941,40.0387747634609,41.0129116159325,42.0538829872266,43.1287287456751,44.052413429862,45.0506624301415,46.1180989453192,47.0466406653495,48.0608274769444,49.0739543036056,50.0704776882408,51.0320710712951,52.0703345188682,53.0423398087457,54.0317222026272,55.0065469941056,56.0677113472022,57.093169354983,58.0279384817533,59.0913506979294,60.0177575672944,61.0111691948469,62.0357104677991,63.0244707911378,64.0459174903109,65.055567487399,66.0363962401772,67.0835542090064,68.0507533476674,69.0230863519482,70.0188071233202,71.0199060964323,72.0402339803386,73.0505472296912,74.0382905583171,75.0211010755612,76.0307874684118,77.0136480269995,78.0111229826172,79.0721479466453,80.03769662238,81.0478213504109,82.0048800170301,83.0062561076333,84.0266594155023,85.026212677535,86.0181807643782,87.060057849113,88.0090342715924,89.0597788833681,90.0318800631385,91.0393781091834,92.0239041159541,93.0303411102352,94.0092229411395,95.0183656383344,96.0207126551946,97.039123112664,98.0288761406534,99.0225153214758,100.004031023051,101.034317150016,102.053132242885,103.007211215693,104.050807778155
3.3797591352633,10000,2.38208443541067,3.74277878059456,4.41128868098836,4.50807997401608,5.44537802602901,6.71639557148804,7.7323663052389,8.31790208719378,9.27010922802782,10.1855542744858,11.1932791805341,12.170797153431,13.1029083139294,14.2051750937638,15.3311573928803,16.1164403368962,17.0646363666923,18.1066434542423,19.0997080113132,20.1237332739491,21.0975434051971,22.0856726620937,23.1193088471274,24.0643220109748,25.1798981535273,26.2049150742772,27.0802298101888,28.0802669143702,29.146484098006,30.0722575306885,31.1556711682105,32.1631338664332,33.0698438718681,34.0513304628857,35.1494726098481,36.1280299696001,37.1225459791647,38.0368400144216,39.1355083242809,40.1262776211531,41.079805524934,42.0361710712368,43.0690625087148,44.07131208645,45.0334636209018,46.0739846368334,47.0479563432533,48.0480339311154,49.0462162309356,50.0946669602567,51.0444391660932,52.0580732286388,53.0873617880363,54.088896683516,55.0366363906135,56.0354835791953,57.0815876476877,58.0279901791202,59.0808627499425,60.083280870161,61.0527970907823,62.0755453460827,63.0419183742342,64.0317488512126,65.0553211706757,66.0249185895721,67.0323988826787,68.0696615885315,69.0679317350348,70.0600532061598,71.0357587884238,72.0296173727107,73.0355081652149,74.0621996712376,75.0388534549054,76.0703094658719,77.0612596290477,78.0214788804973,79.0285863238484,80.0314976637288,81.058732480613,82.0557010637523,83.0433269210941,84.0408629459342,85.0600357379336,86.016340522833,87.0577521405795,88.015661928157,89.0571830477224,90.0253212377677,91.0349781113133,92.0247597325828,93.0546374666313,94.0463538464563,95.0407506743796,96.0209108446117,97.023658264453,98.0318995365275,99.0487816186633,100.020688955249,101.014373464211,102.051972227135,103.017210625863
3.16070292228104,2.38208443541067,10000,2.7379468851338,3.22147724396557,3.14489787648113,4.0705806508656,5.53578912854008,6.57311411374045,7.02819211390611,8.02556705929161,9.10720735660419,10.0314978880206,11.081416021018,12.1913386989649,13.0276328318437,14.1864624223605,15.1671151905431,16.1382127447116,17.0554283768672,18.0264686075177,19.0077578789146,20.0528820523695,21.0357440636253,22.0904086774945,23.0958780715637,24.1191493081369,25.1269885779606,26.0270760791971,27.030759277558,28.0715286582478,29.0222049514013,30.0966546199357,31.1023488848717,32.0100222237789,33.0343570060074,34.0958702577694,35.0825417669064,36.0781173744202,37.0622992572152,38.0739770569969,39.0731462283613,40.0586738843506,41.0627592879331,42.0537430114376,43.0524493499284,44.0568265148618,45.0245506025071,46.0286166277719,47.0171880298056,48.0142703452252,49.0464220339401,50.0178836230169,51.0431300709089,52.043088042377,53.0541601323461,54.0132792400378,55.0463795901262,56.0391509254333,57.0406610297639,58.0548001768706,59.0550394938322,60.0368142008011,61.0359283350906,62.0036341862729,63.0179680652375,64.0347309315181,65.0366342029246,66.0151311020416,67.0313174739222,68.0290883240137,69.0209635000077,70.0011221886774,71.0113083639063,72.0025289434673,73.0300628274234,74.0297796817206,75.0409167999791,76.0425760263369,77.0351381957188,78.0014817692133,79.021906461237,80.0361222382207,81.0350547344959,82.0310994815653,83.0269577639295,84.0305450863628,85.025530468845,86.036604432132,87.0265426042328,88.0375520064564,89.0076141352868,90.0244424439822,91.0030207893712,92.0245875608064,93.0225258389189,94.0299592931723,95.008280129132,96.0029576060166,97.0067863170467,98.029393988724,99.0104572720429,100.026552682894,101.032491150434,102.02124035585
3.91555131378633,3.74277878059456,2.7379468851338,10000,3.24767219175801,3.29309076452389,3.92580211141772,4.63354097508442,5.7667727076744,6.49746579293351,7.4398451567945,8.49807889878947,9.34888481624386,10.400828469418,11.5182688021608,12.2696225340354,13.2302811304923,14.39567514514,15.3371856762799,16.2439936101894,17.2044139273994,18.1742240440211,19.2129827077444,20.1907928382997,21.1721292823881,22.2620750072444,23.1211263016054,24.167483945226,25.1231917334158,26.1583393255449,27.0958211160625,28.1392392101124,29.0935342019155,30.1409305965258,31.1030492422151,32.1299247481348,33.1141996303611,34.0773037290385,35.0765219507436,36.1518394714566,37.1238588999235,38.0733189387764,39.1045586525197,40.1377709148854,41.0961600179371,42.0899205849136,43.1308888047776,44.0681500765907,45.08473013259,46.0893311217992,47.0853643106821,48.0551790757937,49.0837408010014,50.0781565380899,51.0519645898202,52.0536077135669,53.0759793797347,54.1133485447501,55.0452728906626,56.0994453005124,57.072497996748,58.064768014121,59.0631859225405,60.0412647906815,61.051886049235,62.0707021040066,63.0536054223175,64.0936355414651,65.0629457657442,66.0356660018054,67.0355571555653,68.044844798099,69.0459752652451,70.0574332962203,71.046250797361,72.0346666460693,73.0537791029057,74.0586180787112,75.0543399457004,76.0760169956214,77.0425330084382,78.0624490083724,79.0329905909441,80.0321525991801,81.0538005103618,82.0446696661617,83.0539393641614,84.0658647405755,85.0482813409689,86.0657690253334,87.0047753694473,88.046570265791,89.0443907040669,90.0350780073768,91.0336543099161,92.0280803283133,93.0324738208473,94.0427435499609,95.0330074583238,96.0316677874506,97.0286445296408,98.0420575938037,99.0568503056688,100.041598072665,101.057613120485
4.35371609412018,4.41128868098836,3.22147724396557,3.24767219175801,10000,2.74669586811767,3.23673449466245,3.56094752912734,4.42793566021094,5.58358529690599,6.50569133646322,7.53113782751744,8.40015356629428,9.39742325599856,10.5021155244842,11.2573534595587,12.112655128347,13.4158215758944,14.3533903584122,15.2436285764649,16.2225043928881,17.180811812836,18.2077969756431,19.2005918413617,20.1423642015404,21.2415054772682,22.0848115421373,23.062607406804,24.1348722338245,25.1474209961896,26.1205330362205,27.137888406319,28.0646219631991,29.036195109533,30.1065230766704,31.1213916796338,32.0556157168302,33.0613672974462,34.0534972114899,35.1472414267289,36.0328784600096,37.0450686588472,38.0722228093248,39.1378169220338,40.0779983066427,41.0726905259128,42.1203204932697,43.0562554880622,44.0856624825246,45.0816773765803,46.0811354553302,47.0635417642103,48.0807888344882,49.0624583404265,50.0615158670684,51.0328591993602,52.0704375448371,53.0987230726403,54.0534095985273,55.0965653730511,56.0162798590244,57.0274505724861,58.052282176118,59.0464589637508,60.0495749757939,61.0609018641684,62.0494122467401,63.0854056571588,64.0575783799715,65.0445249396391,66.0355218930633,67.0265961294185,68.0447554199347,69.0550487019014,70.0458026000134,71.0389971036449,72.043317995918,73.0155621364009,74.0184432496827,75.0685451786797,76.0418654640448,77.0534879944042,78.022994976495,79.0261318133462,80.0328307896236,81.0380097739211,82.0199237139097,83.0601010095825,84.0118922034508,85.0605034024271,86.0498494372525,87.0436959888847,88.0321859480131,89.0357324627774,90.0157669347279,91.0338348467051,92.036147648171,93.0403891747588,94.0341011364573,95.0293280167695,96.0173579735497,97.0382300300375,98.051985697488,99.0138492779115,100.051357473684
5.53699637382243,4.50807997401608,3.14489787648113,3.29309076452389,2.74669586811767,10000,1.25508011747962,3.01654538220154,3.97259821336273,4.18017599868012,5.10367180269631,6.15397644792492,7.01462353011147,8.10905301787043,9.26549471412377,10.0836020767565,11.2351472347667,12.2308163796846,13.1525981521233,14.071625165925,15.0434267602157,16.0355491722532,17.0570199088663,18.0504524876057,19.1008109343116,20.1205503184453,21.1229058294395,22.1434980248011,23.0194746043567,24.0385175162944,25.0688665026131,26.0334080469013,27.1029257661507,28.1129449320677,29.0158434649232,30.032206552258,31.0987820720527,32.081803468564,33.0774875638106,34.0722076707333,35.0858317866766,36.0775267159437,37.0554754267023,38.0702519452287,39.0512473445622,40.0503061733678,41.059585094307,42.0313635414694,43.0218345981097,44.0221159425885,45.0186863187609,46.0430846497021,47.0218058251609,48.0402030192638,49.0402253875945,50.0539217286878,51.0175492319316,52.0448653899662,53.0367708039477,54.0461459573631,55.0558838849411,56.0569226714348,57.0346211560041,58.0336083283543,59.0128700437308,60.0139023658199,61.0365336013848,62.0429382380236,63.0134072464411,64.0309226546026,65.0301164228246,66.030195676196,67.0091898130587,68.0138892364678,69.0077636484057,70.0273059631841,71.0277867323356,72.0425196187297,73.0425102631179,74.0413560823072,75.0057825138113,76.0138208978653,77.0349388504284,78.0326430060494,79.0285540506821,80.0254767820259,81.0355868777853,82.0275716480775,83.0377114067051,84.0281244844329,85.0412391329514,86.0107919995254,87.0222661266457,88.0037775656655,89.0288608229763,90.0197239335241,91.0243463970214,92.0097754535774,93.0038995654799,94.0059221503335,95.0288495518745,96.0091745677249,97.0256085474156,98.0338441808903,99.0244321592138
6.44016311521231,5.44537802602901,4.0705806508656,3.92580211141772,3.23673449466245,1.25508011747962,10000,2.44742293351508,3.30799046191929,3.15995334866762,4.06890056193908,5.19715309366437,6.0294403249479,7.12922958874801,8.28343539895639,9.05827287154942,10.2456672934352,11.2449459997386,12.1892157148907,13.0761072866507,14.0403820953052,15.0234039358525,16.0586458943131,17.0526728671394,18.1008266661613,19.1213672943231,20.1244976191472,21.1428245243336,22.0193921491869,23.0348129155601,24.0708166399996,25.0275727010291,26.1019292972436,27.1112072108595,28.0060991790175,29.035934881993,30.1029148336506,31.0839571697719,32.0778625493245,33.0734018771118,34.0852722624905,35.076982540075,36.0579537015741,37.0705067799899,38.053483769189,39.0503484100082,40.0655513733366,41.0309298468551,42.0271934246423,43.0197260758912,44.0158365412119,45.0432910033014,46.0218996580708,47.0414363624528,48.0395493069634,49.0530476950389,50.0180717615594,51.04981473026,52.0370103194538,53.0483071338211,54.0566189084097,55.0564534709093,56.0340151755577,57.0339534911516,58.0073713076822,59.0172388746154,60.0344946657995,61.0415313425065,62.0145339581368,63.0302455339481,64.030997235254,65.0254056558336,66.0053694947735,67.0126176458428,68.0046386057985,69.0275629822503,70.0284111847317,71.041585226377,72.042565628642,73.0407714015164,74.0041038042509,75.0181051773549,76.0344401140238,77.03312084017,78.0300120623427,79.0247847757613,80.0329212555692,81.02763740717,82.0367056127943,83.0274605603577,84.0379401868987,85.0081633451039,86.0221123032571,87.0007912647625,88.0269291040237,89.0197729722737,90.025299192583,91.0096818415612,92.0006065868328,93.0043078324062,94.0280946417943,95.0096314554897,96.0284366432501,97.0323953466697,98.0229626433586
7.06163366264905,6.71639557148804,5.53578912854008,4.63354097508442,3.56094752912734,3.01654538220154,2.44742293351508,10000,1.94692515772517,3.12420340888396,3.77355113791679,4.81175183878546,5.48123537962939,6.55198003890404,7.70176693453251,8.32447482482888,9.07994196994817,10.5266259190717,11.4045515116621,12.2872151307279,13.2417173165243,14.1908392265013,15.2262842147122,16.2203901581154,17.113410787932,18.2846471954064,19.0085509577881,20.0510758941982,21.1123944158132,22.1595518240592,23.0576594097421,24.1416870720666,25.0129076647015,26.0415125197952,27.0978345666965,28.124268782534,29.026914787177,30.0134855720087,31.0016261273639,32.1606629999063,33.0513186978333,34.0157280251838,35.0540202667404,36.1456538014417,37.0509931576124,38.0500546373823,39.1352521274326,40.0556469467044,41.070614225328,42.0845931107122,43.0758183194268,44.0293418902411,45.0712650372103,46.0399916607505,47.0278846431835,48.0047947557557,49.071081139469,50.103998300085,51.0234488260334,52.0993562491975,53.0221804394752,54.0157489907012,55.032960021181,56.0224399012678,57.0498689362615,58.0578795346401,59.0354096870782,60.0893647692006,61.0553133639129,62.0197011150989,63.0243608149041,64.0252217076375,65.0422622057761,66.0522166393825,67.0394674526968,68.0178489329755,69.0280997196142,70.0178756622974,71.0147585405795,72.0724284762307,73.0382252669026,74.0475359568162,75.0039365721986,76.0038766726193,77.0244932957724,78.0233615189573,79.0206485180435,80.0626448291297,81.0128228264245,82.0617155695082,83.0294199766814,84.0415665397549,85.0214106820955,86.0298412595629,87.0125339823491,88.0140166257656,89.0187330974805,90.0389858370876,91.0282100410828,92.0215413947047,93.003031137452,94.0352279628636,95.0547042409347,96.0104091343609,97.053885923368
8.14606947261692,7.7323663052389,6.57311411374045,5.7667727076744,4.42793566021094,3.97259821336273,3.30799046191929,1.94692515772517,10000,2.8946051527542,3.32896488547089,4.22873062676044,4.77879842547539,5.74166147818158,6.93242800749931,7.48630967183949,8.14113299235303,9.66528009427265,10.5328632635783,11.362840023071,12.3273817675996,13.2749913991652,14.2986845622211,15.265862403871,16.1612445369893,17.3467904651945,18.0766905501489,19.0526804408989,20.1692034106722,21.1939286364663,22.1193584745812,23.172725564668,24.0476088535336,25.0354316114152,26.138366897682,27.1527770715164,28.0367608063475,29.0586175515122,30.0450788357857,31.1951893605388,32.0524626727351,33.0340280292647,34.0675719309715,35.1776007474516,36.0642177421071,37.0644442923702,38.1583218031878,39.0646337876433,40.0935744846198,41.0988575739067,42.0926763245495,43.058118282763,44.0899093678727,45.0507121118313,46.0556454629171,47.0239190799006,48.0809210093234,49.1195838662135,50.045753277555,51.1188703504877,52.0254382708356,53.0225347368004,54.0450477466575,55.0395446463058,56.0656638340976,57.0727271682118,58.0475884613304,59.1044306611524,60.0694268947836,61.0393580167389,62.0397996109207,63.0324476967315,64.0562713623491,65.0608202826729,66.0533631703749,67.0329691028485,68.035200723861,69.014906678486,70.0108644921197,71.0865389316945,72.0497405869663,73.0581532152671,74.0165104452766,75.0224170534011,76.0330183390048,77.0325405550515,78.0260469991414,79.0732710051221,80.0122650532533,81.0736344848208,82.0456333496686,83.0493857243128,84.026720769243,85.0414417644627,86.0163976014144,87.0286917220905,88.0350237630296,89.0440730225548,90.039783047893,91.0335276953244,92.0118148350593,93.0445520207715,94.0637435129897,95.0106389960978,96.0623326560135
9.32599919887227,8.31790208719378,7.02819211390611,6.49746579293351,5.58358529690599,4.18017599868012,3.15995334866762,3.12420340888396,2.8946051527542,10000,1.29867447700343,2.50283744569497,3.18858741479606,4.26480257604132,5.47784889853297,6.04913031210311,7.35262835992468,8.31773682573317,9.25281488486761,10.0987116052475,11.0458159623549,12.0233890018261,13.0924602769092,14.0634804772855,15.1387946115708,16.1497013543832,17.170970701275,18.1749316952698,19.0485052593112,20.0496376260368,21.0997312568819,22.0365870533472,23.125562307579,24.1305210246608,25.0183363978941,26.0515253605916,27.1196739530095,28.1033524912552,29.0980142230971,30.0808031264233,31.08422459662,32.0873216443044,33.075215797682,34.0789809611974,35.0701282701191,36.0664441084515,37.0700490724795,38.0288930468626,39.0381165522151,40.0229672417576,41.0229844126938,42.0563409339898,43.025760742911,44.0541271969864,45.0521257072645,46.0627415598481,47.0197504244571,48.0566694129173,49.0474966482223,50.0479671176087,51.0612271201087,52.0638071143356,53.0444131678976,54.0428696733961,55.0019969296675,56.0251564389838,57.0405743981366,58.0438813252704,59.0206389698745,60.03692260336,61.0313945117422,62.020644422873,63.002400993041,64.0158306203626,65.0051553988017,66.0356678161446,67.0359056635718,68.042845160323,69.0485363201186,70.0391652804778,71.0042230477263,72.0294240473196,73.0392018323513,74.0387636924598,75.0359593359832,76.031398722974,77.0314805456074,78.0290171349764,79.0404165915431,80.0313286792584,81.0387923634911,82.010341728745,83.0279518836331,84.0053961675718,85.0248435015972,86.0256202499436,87.0343261865229,88.0111250402294,89.0048362376165,90.0084302080654,91.0316536846886,92.0135185579796,93.0293177164915,94.0351324172867,95.0242402457373
10.2823245161898,9.27010922802782,8.02556705929161,7.4398451567945,6.50569133646322,5.10367180269631,4.06890056193908,3.77355113791679,3.32896488547089,1.29867447700343,10000,1.76466666395191,2.16924642344866,3.27864624494045,4.56589476957697,5.03767402313279,6.40495622538082,7.37259014140995,8.29173920482365,9.10301168642793,10.0431082836112,11.0052743053156,12.0889881084643,13.064601867079,14.1382635483374,15.1557270912431,16.165971677359,17.1784124719037,18.0271600561054,19.0405737493045,20.0936266542343,21.0324478317602,22.1255260998669,23.1334915379866,24.0051348725541,25.0466519164828,26.1212226353231,27.1022018408225,28.0931074933866,29.08377107228,30.0946894378504,31.0874171359614,32.0708966386563,33.082602318888,34.0640967861905,35.0619370445792,36.0752940190913,37.0306180102594,38.0346246657648,39.0197809783458,40.0168927715902,41.0493060929273,42.0234870624025,43.0490777104054,44.0443538241561,45.0608694683574,46.0176972681466,47.0560383550635,48.0422908679032,49.052569294756,50.0613885290598,51.061852619543,52.040348858725,53.0386724818094,54.0061797463339,55.0215994971727,56.0388041101979,57.044155177763,58.018040050759,59.0329091401819,60.0321130061688,61.0234668077404,62.0028982645607,63.0132002077208,64.0014983730697,65.0313823800744,66.0326002324648,67.0441401573558,68.0467676102034,69.0414121050126,70.0012145533837,71.0244250446101,72.0382241191078,73.0373984338526,74.0335416395382,75.0280048351297,76.0333982515414,77.0301834915966,78.0391347779279,79.0309023907313,80.039534653293,81.008336906527,82.0254291892024,83.0026645701503,84.0269557799792,85.0225719845641,86.0302641321743,87.0096247707244,88.0025772192351,89.0045385008535,90.0306012973009,91.01177678343,92.0309676766998,93.0342590811014,94.02440269364
11.3347767810242,10.1855542744858,9.10720735660419,8.49807889878947,7.53113782751744,6.15397644792492,5.19715309366437,4.81175183878546,4.22873062676044,2.50283744569497,1.76466666395191,10000,1.68271057164061,2.42001751056856,3.47558550062758,4.3029228490884,5.64641696534664,6.27397270575125,7.2186124385057,8.11514997610213,9.10573979807714,10.10027564574,11.0280727355669,12.0803067224766,13.1624397890268,14.0973406378299,15.2354197665685,16.2487246264067,17.056131354355,18.0509242829252,19.1569371699168,20.0490026151954,21.1761848449866,22.1829872552335,23.0443020694169,24.0286570431105,25.1659558855245,26.1279977125794,27.1316233981228,28.0547173437409,29.1225481421439,30.1194554106141,31.0803260935328,32.0490185229688,33.0727796037388,34.0688308161739,35.0369947373009,36.0540121959468,37.0255983425814,38.0257238986301,39.0282119129188,40.0814772397913,41.0323330438956,42.0557702090547,43.0751765325306,44.0836234303119,45.0222697136945,46.0377092184505,47.0711785604203,48.0285698627763,49.0787449932748,50.0790691931163,51.0470532936132,52.0631344220663,53.0216808725579,54.0091280597106,55.0433199422101,56.0315791837983,57.0031881918146,58.0578172183331,59.0409268943307,60.0415953831414,61.017762495821,62.0160781684806,63.017192089573,64.0517453892634,65.0352416991219,66.0595285897677,67.0586665629581,68.0322739564349,69.0134434643815,70.0140639901117,71.0509835850784,72.0478502757773,73.0370990691891,74.0332794108049,75.0461851615492,76.0202913860562,77.0518305929355,78.0183857213195,79.0525068755069,80.0121493509341,81.029682349067,82.0126659007201,83.0385333887554,84.0364053086241,85.0321578831397,86.0113401300374,87.011610080165,88.0170691735872,89.042026290654,90.0028195288271,91.0156767359009,92.0453844909437,93.0150348830822
12.2321145256008,11.1932791805341,10.0314978880206,9.34888481624386,8.40015356629428,7.01462353011147,6.0294403249479,5.48123537962939,4.77879842547539,3.18858741479606,2.16924642344866,1.68271057164061,10000,1.63152498192433,2.95456556078567,3.21862617704339,4.60310818719254,5.52690439415276,6.32847004963434,7.12992827772754,8.0784319359244,9.04372120810304,10.093004051248,11.0746662192648,12.1572833829172,13.1825797677746,14.1823885176936,15.2073335632944,16.0189172055658,17.0482924814924,18.0943087459351,19.0387834694209,20.1368090181815,21.1468848931732,22.0148919634959,23.0425625117216,24.1278957509387,25.1052480469626,26.0973741657779,27.0904202644319,28.10874537139,29.0955912859318,30.0714683975703,31.0850165476045,32.0640111113682,33.0615435730212,34.0718491503216,35.0374696896728,36.0288029947405,37.0232664882166,38.019116350986,39.0509671445839,40.0247526526036,41.0481154394283,42.0467110215642,43.0621312962321,44.019072640696,45.0537649605835,46.0413081431679,47.0532828622529,48.0639938990138,49.065219618723,50.0394954515054,51.0371738975187,52.0121864379648,53.0164204034904,54.0396541500001,55.0473243087356,56.0145302897491,57.0335523301238,58.0341049726509,59.0315272595892,60.0069837714846,61.0133755245373,62.0058709914989,63.0295756029861,64.031483049859,65.0466078862629,66.0466834507257,67.0442199960203,68.004480714813,69.0172349355538,70.0381382466957,71.035961705302,72.0328337997568,73.02770448663,74.0387008113548,75.0300970022641,76.0405110581175,77.0302645444186,78.0415302711504,79.0099169552495,80.0247309573151,81.0028420114602,82.0307498495972,83.0213333211511,84.0257943253308,85.009600816628,86.0024993844389,87.0052330725291,88.0308021712884,89.0098712485816,90.0277661198571,91.0357155350541,92.0257632675864
13.2813910490504,12.170797153431,11.081416021018,10.400828469418,9.39742325599856,8.10905301787043,7.12922958874801,6.55198003890404,5.74166147818158,4.26480257604132,3.27864624494045,2.42001751056856,1.63152498192433,10000,2.27626175940241,2.54355437523154,3.93209225500382,4.50356466711728,5.4226847729881,6.0436164944986,7.09770895030196,8.12034128920668,9.10766109420708,10.0270705741822,11.2205468888687,12.1997545559209,13.2580674028713,14.2525098252836,15.0671993415364,16.0091168871974,17.1706182967506,18.0192220199614,19.1867521742373,20.178789651029,21.0383202768599,22.0224606758743,23.1620238180021,24.1480856509984,25.1378225707979,26.0968592683719,27.1291896999127,28.1235744239494,29.0904147599054,30.0787093940808,31.0888429116223,32.0854692070462,33.065894266621,34.0530419544544,35.0480563107552,36.0060674389112,37.0079651670933,38.0726425748434,39.0227637263661,40.0683588063198,41.0682555387305,42.0837869413096,43.0090662966111,44.055755337422,45.0591358574659,46.0497597348493,47.0753986082437,48.0770369655387,49.0546719858697,50.0504025172845,51.0217690695197,52.0122441745868,53.0512275446412,54.0378597957296,55.0168146240209,56.0486269424491,57.0466316357823,58.0414945174949,59.0180531657425,60.0053430724055,61.0181002477363,62.0412831200056,63.0432066689235,64.0560945176644,65.054969593628,66.0320246046627,67.0116850425956,68.0191876947291,69.0516232601968,70.0509506936749,71.039306168279,72.038646099791,73.0476469961985,74.0342966109707,75.0476043646206,76.0299642957382,77.0500980557946,78.0054128929248,79.033357128643,80.0117791559939,81.0396496196051,82.0345624398337,83.0345456161987,84.0020967819344,85.0095831865088,86.0183304894232,87.0410946754824,88.0109800210392,89.0262821513814,90.0413859731177,91.0260961888283
14.3816836812321,13.1029083139294,12.1913386989649,11.5182688021608,10.5021155244842,9.26549471412377,8.28343539895639,7.70176693453251,6.93242800749931,5.47784889853297,4.56589476957697,3.47558550062758,2.95456556078567,2.27626175940241,10000,2.560700638628,3.76177656554832,3.17276284672654,4.40627073426682,5.360049215693,6.35797322617186,7.33520305013801,8.24231081582155,9.22426221258348,10.3156937896264,11.0390139957689,12.4215996912452,13.4196457619559,14.1779218758396,15.1241006921968,16.3235929180897,17.1054410236138,18.2948742822037,19.2830340792479,20.1172145881117,21.0889960808788,22.2542984261915,23.2222206520763,24.2153736777753,25.0299422212379,26.1942029223836,27.195604049045,28.1314025622831,29.0134760520684,30.1170524428142,31.1186551488815,32.0238900942901,33.1140864033844,34.0771293429364,35.0512323793941,36.0591104101717,37.146092971948,38.0616854799978,39.0903762756157,40.1354693264529,41.1284607000578,42.0494715070665,43.0388620752611,44.1252257109682,45.0251458092838,46.1123999037321,47.1169897159613,48.0792340409437,49.1090046336422,50.050164899241,51.0351648807305,52.0729392712724,53.0041446265478,54.0336192110492,55.0999368318033,56.0882674861127,57.0700631896307,58.0423655238741,59.0336299239957,60.0419910734771,61.0877900881369,62.0548377585538,63.0859491131502,64.085276493127,65.0164426329755,66.0343212622148,67.037446610811,68.0771426538379,69.0761520833665,70.05625565741,71.05556623218,72.069577718126,73.0148998218503,74.0729590497346,75.0031408365854,76.0736609648077,77.021883833286,78.0461507780818,79.0293790979211,80.0618767504064,81.0654371006258,82.053708270736,83.025964043273,84.0274453724198,85.0363148164785,86.0613582270269,87.0224966595822,88.01369762437,89.0638082194824,90.0065398997189
15.184605726092,14.2051750937638,13.0276328318437,12.2696225340354,11.2573534595587,10.0836020767565,9.05827287154942,8.32447482482888,7.48630967183949,6.04913031210311,5.03767402313279,4.3029228490884,3.21862617704339,2.54355437523154,2.560700638628,10000,2.36609196036471,3.16258029489583,3.76707798336312,4.30019237204287,5.11240365834911,6.0374875171049,7.18269013924784,8.14640116538545,9.21146665888526,10.2446429389729,11.2414182707127,12.2368089381653,13.0662935003064,14.0785932817923,15.1301727724229,16.0620499910003,17.1588015233893,18.1612910723804,19.0162967481731,20.0765868592407,21.150610540409,22.1254251518516,23.114069302125,24.1037248468505,25.0996211461747,26.1009307663056,27.0841852656446,28.1077711286324,29.0770097266928,30.0727163755155,31.0961076296884,32.033716306268,33.0443756010481,34.0316546815348,35.0310797223402,36.0602114886158,37.0362680354608,38.0569179524506,39.0539961586998,40.0671806368016,41.0283228687243,42.0678465701064,43.0528150992654,44.0626455100149,45.0643034916619,46.0673139899779,47.0452245165385,48.0475318418223,49.0045430430865,50.0309640320715,51.0429930865241,52.0553366525952,53.0239812167045,54.0403123201446,55.0334103536009,56.0206039043027,57.0045590201613,58.0211163789436,59.0049354630377,60.0381709262763,61.035971763522,62.0436405478723,63.0500615973781,64.0486160262322,65.0048489047563,66.0329065733098,67.0406937883129,68.0406961460177,69.0359813258349,70.0306045499084,71.0304796751719,72.0338355928598,73.0397411685948,74.0369238396652,75.0431355029554,76.0128667433415,77.027208634609,78.0053955622867,79.0244970698216,80.0257150394955,81.0360341005186,82.0147643892993,83.0053337136193,84.0061778070331,85.0318078412893,86.0150271850939,87.0357513922453,88.0346677390449,89.0271976360991
16.0378102435102,15.3311573928803,14.1864624223605,13.2302811304923,12.112655128347,11.2351472347667,10.2456672934352,9.07994196994817,8.14113299235303,7.35262835992468,6.40495622538082,5.64641696534664,4.60310818719254,3.93209225500382,3.76177656554832,2.36609196036471,10000,3.37594874930188,3.68811717800731,3.91977463964781,4.71955021064905,5.48761928289281,6.52730549540144,7.4497672539907,8.25098043925709,9.52978443399127,10.0801724307893,11.0699072838487,12.2131690545674,13.2469365518559,14.1144261373126,15.2073435333941,16.0342783604619,17.0419878525067,18.1443373307551,19.1777609263615,20.0538486489585,21.0477603178452,22.030731694811,23.2094399779937,24.0414169185175,25.0212907536494,26.0710749950801,27.1920634501588,28.0700436925778,29.0679807945884,30.1676498967134,31.0500017876501,32.0977387057075,33.0972475352256,34.0935371368408,35.0381889622869,36.0944066118392,37.0510327658437,38.0371579392367,39.0111444343951,40.0834278451032,41.1254659345978,42.0345935019608,43.118209593828,44.0239718923998,45.0236364064866,46.0415548187036,47.0285828003798,48.0514411479766,49.0686585816645,50.0434220101297,51.1019807665593,52.0623788400641,53.0291581514964,54.0208050080196,55.0162441281189,56.0445680291555,57.0572351087379,58.0435081247475,59.0242729860979,60.0335318230873,61.0106575877103,62.0167475386942,63.0809532933012,64.0420701523743,65.0550071141538,66.0095017561494,67.0150079160748,68.0271808384858,69.028446201029,70.0129586436968,71.0663429501063,72.0109846258315,73.0680796785284,74.0350249371919,75.0429535197592,76.0233927715829,77.033255369046,78.0044456224655,79.0185628813073,80.0291651829438,81.0410539875089,82.0312039806369,83.0237269968213,84.005122540552,85.0386871894637,86.0591631687011,87.0086167634255,88.0554186950937
17.3304857546864,16.1164403368962,15.1671151905431,14.39567514514,13.4158215758944,12.2308163796846,11.2449459997386,10.5266259190717,9.66528009427265,8.31773682573317,7.37259014140995,6.27397270575125,5.52690439415276,4.50356466711728,3.17276284672654,3.16258029489583,3.37594874930188,10000,2.33087385438465,2.7876772756283,3.68008078852244,4.60573567665985,5.42720232428724,6.32700657372846,7.49707011544839,8.12780788314072,9.59089821644143,10.5535058268686,11.2622725276936,12.1696450188165,13.4300187991793,14.1346576116682,15.3648044767193,16.3560780972875,17.1568764291282,18.1090832776105,19.3059871711924,20.2644723906066,21.258303875564,22.0508008883904,23.2260343759793,24.2193151951601,25.1588613936502,26.0094395553085,27.14335076369,28.1461221682033,29.0283056277797,30.1246559067473,31.0974322302211,32.0598295508113,33.0656123076331,34.1644713755786,35.0654631992581,36.1082064690758,37.1509268422006,38.1437165975703,39.0530682428845,40.0517229790608,41.1367786195882,42.0265659041014,43.1244419717845,44.1281402664051,45.0925933602682,46.1177727841521,47.0559544502463,48.0405670117219,49.0821470598869,50.0078513538756,51.0409934962672,52.107888201273,53.0918198592387,54.0747543463882,55.0488960175638,56.0358871314816,57.0494766117183,58.0944684682329,59.0640070042205,60.0954597784152,61.0941528023378,62.0137402910837,63.0391899016417,64.0458156354406,65.0831311488508,66.0828987432619,67.0645927364553,68.0629044208926,69.0740082231597,70.0243696652778,71.0804771789917,72.0088461701904,73.073146735846,74.0254777169852,75.05285065289,76.0353931833251,77.0641541685206,78.0718828174397,79.0611259564894,80.0270444598552,81.0330031816777,82.0441710643357,83.0655729702505,84.0253693392129,85.0164706404539,86.0690167883383,87.0120951425798
18.2756466305545,17.0646363666923,16.1382127447116,15.3371856762799,14.3533903584122,13.1525981521233,12.1892157148907,11.4045515116621,10.5328632635783,9.25281488486761,8.29173920482365,7.2186124385057,6.32847004963434,5.4226847729881,4.40627073426682,3.76707798336312,3.68811717800731,2.33087385438465,10000,2.2690111610311,2.82476489215258,3.68710996875762,4.46529691800039,5.38136126576966,6.42765219778554,7.23474382192152,8.53773871631115,9.56280335655024,10.2142977010661,11.2003165704339,12.3445810589307,13.1612760043575,14.3418648453058,15.3354646670522,16.137434379988,17.134941338894,18.2912894777858,19.2278683654792,20.2233345595668,21.0811170161647,22.2236352521988,23.2220538194061,24.1208348130593,25.0719583932546,26.1107838832197,27.1086955922413,28.0439097785184,29.1148500479654,30.0600569422373,31.072142094905,32.0741023457961,33.148105748808,34.0715698803947,35.0830229859901,36.1321277433819,37.1312753003793,38.0578231218987,39.021982421513,40.1235003796696,41.0320612046451,42.1172655765708,43.1170466308503,44.0669156474075,45.1125171500433,46.0525431203642,47.0444673264967,48.0637368950351,49.044644702975,50.0338425184106,51.0931906984388,52.0868912090896,53.0766097635356,54.044239321961,55.0407613515685,56.0432038751344,57.0879226165664,58.0481248737065,59.084908688366,60.0821185168533,61.039797113751,62.0347220588695,63.0412340164262,64.0731622143676,65.067055625256,66.0480388154948,67.04536973068,68.0732800445691,69.0198694104302,70.0724343520044,71.0191571989335,72.0751213115756,73.0316456280004,74.039557305525,75.0296080353208,76.0622301495762,77.0576599127085,78.048332401687,79.0275449093762,80.0284810862104,81.0342421479727,82.0600432723578,83.0213112905086,84.0106297680729,85.0624965351891,86.0212612668201
19.1963928176457,18.1066434542423,17.0554283768672,16.2439936101894,15.2436285764649,14.071625165925,13.0761072866507,12.2872151307279,11.362840023071,10.0987116052475,9.10301168642793,8.11514997610213,7.12992827772754,6.0436164944986,5.360049215693,4.30019237204287,3.91977463964781,2.7876772756283,2.2690111610311,10000,1.54249401325122,2.45442823177626,3.35994743754214,4.06325014783446,5.482512545528,6.36820431909434,7.48245870861776,8.44942276348333,9.11495518603505,10.0263077772609,11.2671990517564,12.0308657124301,13.2657580296564,14.2628114535192,15.0579384512776,16.0397097999597,17.2243241696317,18.1990222502042,19.1816593412498,20.1149398191395,21.1614924978125,22.1533697397394,23.1147952709949,24.0858294954139,25.1120131638653,26.1053456801231,27.0724128423817,28.0635416769366,29.0636153564655,30.0101323425164,31.0175187502034,32.0888519596755,33.0280771587129,34.0807809341745,35.0823264016211,36.0969430580595,37.0141983024522,38.0647876285172,39.069729539692,40.0530106280984,41.0867317767006,42.0915277717359,43.0636942919829,44.058131658046,45.023389942124,46.0175566253477,47.0587993163188,48.0372383477587,49.0220908811231,50.0551285746527,51.0528983002219,52.0445111425761,53.0202748698271,54.0072246353784,55.021140910072,56.046796582863,57.048412173684,58.0620096223927,59.0619040258551,60.0299550317107,61.0136261439909,62.0236003653817,63.0553774647702,64.0560317157089,65.0441118335456,66.0430866969318,67.0489154731628,68.0344621900492,69.0540710741562,70.02891434478,71.0512676107454,72.0070125352115,73.0358545749092,74.0136383089062,75.0415526323497,76.0382118324492,77.0373950543634,78.0042806945488,79.0110391833807,80.0201447388137,81.0435008946768,82.014079096356,83.0256873259874,84.0463535659381,85.0262526862186
20.1725392158277,19.0997080113132,18.0264686075177,17.2044139273994,16.2225043928881,15.0434267602157,14.0403820953052,13.2417173165243,12.3273817675996,11.0458159623549,10.0431082836112,9.10573979807714,8.0784319359244,7.09770895030196,6.35797322617186,5.11240365834911,4.71955021064905,3.68008078852244,2.82476489215258,1.54249401325122,10000,1.38623764721084,2.45755828215423,3.20832769237874,4.52898475225693,5.43046206193631,6.51054088183282,7.48767177395111,8.09472213092823,9.08367590004762,10.2225326825411,11.0655602590665,12.2678185676807,13.2764151014346,14.0227316047046,15.0575119003294,16.2217173262698,17.1873353163367,18.1734822220236,19.1186788624501,20.1651256700854,21.1524903421651,22.1150427587258,23.0999450333438,24.1062092992977,25.1008016072379,26.0870139709811,27.0493692010205,28.0418004358095,29.0258792241846,30.0239484737203,31.0790675597722,32.0254345319627,33.0761390318419,34.0709467307419,35.0938493140156,36.018472748756,37.0629665566733,38.0617467399187,39.0515787323748,40.0857788487475,41.0883475958484,42.059076381144,43.0551588532863,44.0107672629879,45.0228364484354,46.0574203605394,47.0489843534319,48.0223111655259,49.046738655924,50.0451368117901,51.0380776008807,52.0108369698506,53.0144098453155,54.0111471000151,55.0427492752884,56.0444301871261,57.0633919434629,58.0616064743864,59.0392336908125,60.0054963265787,61.0256474893866,62.0520221748496,63.0500718931642,64.043783411616,65.0395529991761,66.0474262948582,67.0333693329861,68.0531850296999,69.0322915039983,70.052095382169,71.0116719194995,72.0338535598244,73.0063481663433,74.0381034784417,75.0306875530213,76.0386261484155,77.0083928805471,78.0057945773174,79.0140208122854,80.0415635500353,81.0121526111427,82.0284902048053,83.0445582920432,84.0265728550507
21.1371855320384,20.1237332739491,19.0077578789146,18.1742240440211,17.180811812836,16.0355491722532,15.0234039358525,14.1908392265013,13.2749913991652,12.0233890018261,11.0052743053156,10.10027564574,9.04372120810304,8.12034128920668,7.33520305013801,6.0374875171049,5.48761928289281,4.60573567665985,3.68710996875762,2.45442823177626,1.38623764721084,10000,1.75836723930152,2.40944520877125,3.60061051003449,4.53943836617084,5.52201197773329,6.49634635982232,7.08264157848362,8.10907679901291,9.21658828729029,10.0755632656071,11.2533726630348,12.2568346611841,13.0164032253305,14.0879513443392,15.2145946369697,16.1725838765322,17.1561409383424,18.1323277025658,19.1468377665287,20.1370935119864,21.1114714793905,22.1203335530926,23.097625736758,24.0928752872144,25.1020080603911,26.0434607391143,27.047588334356,28.0313321077693,29.0265737684071,30.0717409060042,31.0338453122567,32.068047068897,33.0631673596673,34.0821643261021,35.0246887057924,36.0706956563648,37.0582922535453,38.0632268426719,39.0789650439934,40.0783365492114,41.0528624216022,42.0518588831698,43.0068153656453,44.0274750443548,45.048716965998,46.054246795499,47.0216200766064,48.0427488573146,49.0386860517252,50.0280792126968,51.0019255153485,52.0177431204052,53.0014055672596,54.0401228585782,55.0401094680516,56.0536817365752,57.0565738180789,58.048323548767,59.0010954816908,60.0300758792676,61.0458935904434,62.0442080298003,63.0404989837027,64.0337619489813,65.0394581436233,66.0342085083429,67.0459919830743,68.0355301391051,69.0462678678704,70.0110503005954,71.0305275504888,72.0040045116045,73.0304462836857,74.027565404446,75.0355357678565,76.0120074099855,77.0039244404783,78.0065364853711,79.0355593228238,80.0131583731884,81.0331984738808,82.039138844865,83.0270756742816
