10000,22.260024529,13.2462102474,14.888160684,15.520685647,17.430273567,17.1048520402,11.4046216534,18.7621288916,20.4550031062,20.9978212149,24.429415144,24.3090126211,27.2684592565,38.718380625,25.4174629356,20.85948051808,41.81917862,39.265981353,33.6030864911,33.245970647,32.203289167,35.197962747,37.169414715,31.916081497,50.059284302,29.851478848,36.145633998,39.343178371,43.134135319,38.9653472309,44.92938928728,36.2015919328,41.8595027183,45.52002736,49.2438905904,45.0155425946,41.289530795,42.645782014,63.4019387480001,49.45359507068,45.618113276,52.1320062486,68.2658225755999,52.318878599,53.522311282,70.495175541,54.3992023005,59.543099669,63.139320417,63.982428368,59.4058440257,66.8633037099999,61.328989875,62.1697675884,58.9450935544,70.215426107,80.941695203,66.0611227961,82.7864320292,69.470785514,70.2290415664,70.398288498,71.051922606,74.6925926029999,78.8976610339999,74.879311092,92.323414744,80.36249437959,77.025037137,78.2666654743001,76.333833143,83.39818136069,88.0417481689999,85.0730215771001,82.6036783946001,85.1034216180999,84.8627060935101,86.68779644998,103.145359604,91.88798897,96.5013755112001,86.186374528,87.28897248,94.1367077119999,93.5317127192,93.8394227643999,108.4415244345,96.6880412267,112.5166596908,101.329544809,104.439530956,100.878164123,104.023596805,98.318170035,102.729557764,105.44325127356,111.606659043,109.057886284,108.798098853,104.028444241,114.5854537514,126.6764626448,111.8019375368,126.710364028
22.260024529,10000,13.963885601,25.859347835,17.6180367014,16.7100600908,18.3275759406,24.9245470562,23.9645085585,21.4883720012,22.3018873825,19.5934809948,24.6970204476,21.9407692337,18.516961913,27.1688307124,37.7069639177,21.950120882,22.319313657,27.5530691548,30.7205220288,32.977266663,30.857670407,32.092774684,39.40642341,28.86209522,43.768386212,43.258947865,40.446870433,37.28183663,47.803955122,40.10183511472,52.8693370188,49.2951539044,45.87013596,43.6511541716,53.7255086726,55.154659572,57.1428869259999,44.651836907,55.55485591996,63.0731120712,58.3589018078,47.1471360204,60.1339062390001,61.650474815,50.079830979,65.6982702176,58.586507274,57.8615807380001,59.367349794,71.0470635681,61.03462161188,68.992492796,72.90361714,74.9122065734,64.669146177,62.0470862629999,78.9427443919,65.5613048574,74.948003734,75.4600017783999,78.4893147740001,85.429031235,76.110361993,73.9489429759999,81.8529156830001,71.7621005152001,76.9826108928999,90.2579587935,93.5826596814,90.500404123,84.085553765,82.5867631159999,86.1604090138,95.4895675377001,91.5934822030999,93.0846890843399,92.6629052960001,84.303786971,92.1186209101999,88.6175966710001,101.46272796,101.263173221,100.859131824,100.8406672617,103.4618942896,91.1885461743201,104.2380372058,92.5589324838,110.988064367,99.856851502,108.0651326816,105.9090292714,114.76484867,113.5466488093,108.66729533863,105.856119715,110.437148884,112.32857564,120.895218126,110.3941271421,105.5834296914,120.6583127498,108.4888009014
13.2462102474,13.963885601,10000,14.580079064,15.287920913,6.9044919649,7.1644307613,14.9426458605,21.7426671042,11.18933427256,11.4642542678,17.4021186531,13.263637685,19.6017788989,26.3245299264,16.3509785038,24.188077617515,29.0947032372,28.049507592,25.8023651377,21.8704989449,22.1459140428,28.3550028318,29.299083069,33.824761454,37.5280911511,33.6223972929,38.7554222435,29.9554938649,35.8472722051,34.9925528186,38.17692985886,41.9567534801001,43.8435588615,35.5179560899,41.9196262059,48.844152644,46.8676107761,46.6784252026,51.4797366271001,50.45662321428,49.9781175037,52.063594114,54.9989933683,54.1169380484,56.4291088353001,57.934950091,52.6042642047,52.9716629296,55.2105987765,56.0267322798,57.526265011,59.1625874636,63.3994787866,59.5128420808001,63.6719878623,62.8836659746999,70.5347994584,64.6325232414,70.6114252554,71.2153093953,73.0390986288,72.9550226383,70.6755913672,65.6241695484,71.7346782887,77.3106119303,79.8833399660001,73.41424830023,75.7793997105,77.9416865391002,76.8738014441,73.33312357162,80.8767515607,75.7824351004999,81.5069987558,86.0103492917,87.41097742241,89.82986106237,91.1023898187,81.3368249354001,90.2628086430001,91.4604556412,91.9430280501,94.5599123652,96.0300818113,95.2128169078001,97.7295050573,99.30642585804,100.28221566,100.755328856,97.7926654367,102.0290093607,94.0380699087,100.2995374731,99.9560936377999,105.35839119396,104.3125103357,99.4618450238001,101.1438379171,109.348429477,106.9166011729,114.3768798566,114.6269973624,115.2384496203
14.888160684,25.859347835,14.580079064,10000,18.8573689994,14.9799778618,16.188185664,15.0890650814,22.3836193083,19.5421940342,19.595570432,21.8092716326,21.2981602454,24.2302428592,35.076105606,24.895365115,25.84120996575,38.4405946118,37.915849886,30.7150798548,30.6797558939,31.1383162965,31.300470436,33.886739532,30.129800929,45.464350183,33.914370318,40.629726965,37.5838641488,40.502315965,39.8461587291,41.42029186016,39.882916753,46.4004314901,43.699000796,46.2227376053999,47.7371028946,44.94627051,45.6879463040001,58.383863604,52.5822404703601,49.952311064,54.8795478282,64.2355716802,52.867201668,51.9281893500001,66.635052252,58.064229769,57.758970204,59.136596601,61.321520313,61.186497096,63.70657536196,61.5851901114,64.6413784332,63.3785415193,66.665535075,80.218729747,67.9375808167,78.8829826174,74.263130658,73.4570639822001,67.9049143414001,71.8907788070001,73.9597764570001,76.826368338,69.711344559,88.6532536650001,78.4824008285,78.3065235765,80.525540232,81.8341225959999,82.0985815717,85.194475561,84.362423446,83.9085331030001,85.4829311322,90.68697057406,91.0726507159699,101.082902463,90.37628765,95.2377422513999,89.21220566,90.5807293579999,100.919415533,90.572178948,99.5712201478001,106.57233643164,101.05998020394,110.0386979448,90.715698603,101.871300431,102.2006791914,102.9663809478,105.042902966,104.6907244252,108.18192874437,107.611386035,107.839040795,109.021636237,107.55600877,111.051014075,123.622688041,116.7595523074,124.425975437
15.520685647,17.6180367014,15.287920913,18.8573689994,10000,15.725023503,15.8488729112,15.3257163004,12.2881418498,18.46666746997,19.5905814903,19.7751898302,22.7104391373,23.301265582,24.636706248,24.3321995737,24.48370958048,28.7575181769,27.284923942,27.9578504568,30.8723589316,30.5837804136,30.7565418081,32.868259425,35.960473821,35.4955567656,33.4317839504,30.8664154408,40.1587535244,38.8927617982,38.652628688,40.50968385524,40.62627185,36.7924258648,44.2978832786,45.4019380542,39.5989580408,45.1835083878,46.709875741,49.8936717397001,43.29373151608,49.555601092,54.2078286254001,54.6772862313999,56.2217159484001,56.6992595084,56.9748369896,57.0690196218,56.6068383684,58.8081418367,59.000278922,60.3087779486,61.3655355011,64.5455444115,63.4332933149,62.976856868,65.0011758625001,67.3029346043001,66.6925982090999,69.9318936649999,63.3795967764,64.5300801896,73.524361077,72.856876135,73.7072206428,73.6870192759,77.5517968640001,78.6270178923001,77.06277438164,77.6655726419,79.6947779517001,80.2689063347001,81.3800795837,81.7588568316999,83.5080194931,84.4119902959001,88.7004444907,80.98996054141,81.8828844553999,91.0390098586,90.6438082177,89.626013574,90.8087699000001,91.5518561234,96.6531908704,96.0040135616,91.1037883841,97.1108690827599,92.31556233074,99.9898916258002,104.240403861,100.513076667,103.8127369412,102.8400623882,102.443934329,104.3088522974,100.47470101583,106.577046727,108.0534847993,109.1500268256,108.239735386,110.3460153069,113.0984257678,106.9850361073,114.6408118746
17.430273567,16.7100600908,6.9044919649,14.9799778618,15.725023503,10000,4.6545314194,12.5082194648,19.2001505864,8.96729947777999,8.97229858140001,15.1625645208,10.5436895474,16.2773070149,23.6701109992,13.8911299721,21.40803880918,25.1462795262,25.6509047452,23.2569393373,18.8431055407,19.9230009553,25.5681789958,26.0988472638,30.7566199922,34.8104510798,30.744471988,36.415004838,27.224854531,32.744520818,32.9897088956,34.97496630004,38.447282169,41.7779785344,32.4170119,39.0631324456,45.6831179394,42.8028934176,43.7326336008,48.2599064910001,47.51198382088,48.0903379602,48.5549897403,51.242969058,50.1716170708,52.1795036214,54.1673722388001,50.1086066414,50.5533724316,52.3854158948001,53.6082084804001,54.1063984701,56.18807189924,59.7320269973,55.9245486654,60.4894851652001,60.1516548098,66.6373062965999,60.3601957228,67.0006768032,69.8294395086,70.2449470904,68.8999324296,66.111676379,63.421946353,68.7843122234,73.7865724948001,77.2741235798,71.34855840783,71.9382697203001,76.1150889041,74.9383111712001,70.68308231378,77.691930909,72.7859127547,78.3746721202,82.2264751041,86.08865092123,87.98019667558,88.0245633786001,79.3374653341999,88.038887612,87.7853182228,88.42389357999,90.793272918,92.1209682438,93.0047711448,95.13513429922,97.5820377283,96.8492577996,97.30942166,95.2028754258001,98.2266112554001,92.2671920488,99.9443215452001,97.2877868993,101.94643302047,101.7102996366,97.0745298734,98.2458694534,106.0817848818,104.061342613,111.1731929968,113.2076535528,112.2610819852
17.1048520402,18.3275759406,7.1644307613,16.188185664,15.8488729112,4.6545314194,10000,9.80279212029999,18.6359046172,7.92175125949001,7.1067472598,14.0700819682,9.40401423399999,15.5285067389,22.9223180956,12.1470068143,19.47179910181,24.8778104184,24.5599756246,22.3635472508,18.4237088751,18.5504426153,24.8190123936,25.35824071,29.3240701064,34.2100172042,28.9604690644,34.652552289,26.0720649942,32.12271429,30.7998671606,34.55327468524,37.0390608082,39.9148163824,31.314156608,38.2394404868,45.5436943593,41.243612487,41.0879925042,47.0350355767999,46.25081804768,45.885252465,47.3126980893001,50.5789124817999,49.4713235846,51.237427077,53.9384656966,48.3698537774,49.3054946842,51.2178829568,52.5063869002,52.2357960546,55.3804521667201,58.8874849184,54.4437978812,58.4803902122,59.256938477,66.542756938,59.0489386208,66.8871062834,68.2833016923,69.2672354716,68.051933266,65.2518503148,62.4657788642,67.959505426,72.6501058445,76.7602550762001,70.13481258659,70.6292281295,74.2151288852,72.931523345,69.73734635363,77.4676671000001,71.6104838033,76.9905465559,81.3171258612001,84.0469761063399,85.9225114066,87.3082887195999,77.8239829715999,86.969854008,86.3039466526001,86.73176666299,89.2012119986,90.8404944809999,91.2281086724001,93.9456298089,96.3338395865001,96.1723889818,96.008566478,94.2247218097999,96.8754878925999,89.9705070068,97.373290152,95.4075643817001,101.32546149716,100.6148625612,95.4951000124,96.70955735,104.154882173,103.4575239467,110.754994993,111.6724056668,111.6012825996
11.4046216534,24.9245470562,14.9426458605,15.0890650814,15.3257163004,12.5082194648,9.80279212029999,10000,12.7157452397,12.17711036371,12.2030982109,15.658130401,14.701649866,18.9326947202,29.2311624666,17.7425370069,12.04441090644,33.6941729392,29.9291210402,25.5238019384,24.9827523784,23.4563473962,26.7323317608,29.2693185912,24.4253802766,41.0737274166,22.306792165,29.6180560014,30.7842050876,34.7356152792,30.580045458,35.9644960884,28.6635268835,35.7048459421,36.1785004783,40.6374396834,38.6273915254,33.9510941571,34.1025229731,54.4614840768,42.62569622892,37.2702005774001,43.6881797106,58.227079672,44.6523791126,46.5306806762,60.1221009844,43.8791349476,50.79765659,55.1329347383999,55.6519406418,52.7089986605,58.84032919932,53.5339270423,55.3617547166001,50.902435257,62.4855874042,71.640790593,58.6740647027001,72.4329219382,63.1361421959,63.4669500348001,62.9437217368,63.8727684192,67.1369230672001,69.7522622812,68.0220030251,84.6678207642001,72.09672824658,69.6299204882001,70.7643842365001,67.9175441683,74.4563547918901,79.7995238802,76.4223729324999,75.7920946176001,77.4671165737001,78.7426183039101,81.1022529563799,95.1297901772,82.8146834124001,88.6396476699001,78.6270545342,79.0497033086901,86.0621687766,86.3905069290001,88.3053159969,99.74290185052,90.2959139343001,102.4571090326,93.5937012002,96.1547951314,92.8795394761998,95.0144894252,91.303401619,95.2914428329,99.60598426127,103.8100637592,99.7840332039001,99.6520416734,96.4702788822,105.9172903393,116.6550397194,105.584896851,118.5841954457
18.7621288916,23.9645085585,21.7426671042,22.3836193083,12.2881418498,19.2001505864,18.6359046172,12.7157452397,10000,17.00191696916,18.4036218,17.5690048208,21.3269024534,20.5664622629,23.947845776,22.3418826745,20.02913991397,28.1592834364,26.5857543075,26.5860851987,28.5840760986,29.717070034,27.9613509077,31.3527382807,30.3666083725,34.8144909843,29.7974883574,27.6255648822,36.9306344712,36.4999747046,36.0655227856,37.93074412316,35.8324171848,32.6493255835,42.8071069658,41.5804436847,34.9362988599,41.225827243,42.154447716,49.1152163655,40.56712719946,44.7039875547,47.9018480563,54.5967436207,49.797771194,51.1974045638,55.8569343289,52.8451774562,53.0989969238,55.9445128448001,56.0942316218,56.0011889652,58.68097226162,59.0536143032,59.4210085584,58.3858093973,63.3720162853,66.1209543438001,63.8741645344,69.2295759772,60.045064777,60.0994416411,68.0599886,68.3485908407999,72.6610704478,71.0716911922,72.8361686497,78.5279124205,74.3697736886,74.9102560486001,75.7609809898001,75.4676425745001,79.7819347822401,79.5738290978,81.6690654742,80.5544076817999,82.5369003324,76.508998908,78.5059166868,91.1873014457999,89.1294280518001,87.5310737311001,86.0989335862,86.8536325093999,89.8485825110001,90.7876813229,86.8013106521,96.5329790540201,87.444227338,99.2706783661,98.6060699533,97.2488586547999,97.889879443,101.5399396922,98.0682152293001,100.2721706148,95.9068416071399,103.8813928086,107.1732457876,107.1720306674,103.779850916,107.2043760262,112.2334038069,103.8068359586,113.734415272
20.4550031062,21.4883720012,11.18933427256,19.5421940342,18.46666746997,8.96729947777999,7.92175125949001,12.17711036371,17.00191696916,10000,5.36208426756,10.60856103689,7.50267575849999,12.84868411007,19.67102983591,10.54347513936,17.51454950214,22.89682426998,21.98820907471,18.0978345884,15.84445918266,16.1260752936,21.52068784031,22.45529048647,27.76567200287,31.05251022211,27.2649059016,30.19712505419,23.5546020814,28.71078257331,27.89212769486,30.61134127696,35.41158413352,37.17082376659,29.67363726198,35.47080721031,40.608948517,41.1257002716,40.2563884381099,44.08540426711,42.49848711051,43.2032740695999,45.31995119119,48.37262031231,47.49711191738,49.80089894291,51.9497507724,46.94826354247,46.86755376527,48.42574761051,50.5774694603799,51.14020835997,51.84234304567,57.17046348077,53.52843007687,57.5182330474,55.72126903467,63.09344969871,59.00903748566,64.15655537741,63.99104851332,64.87216141944,66.2018683663501,64.61836537307,58.4153822206001,65.3126652739601,70.1233020801099,73.96182633051,67.1787043407801,69.40953345699,72.7013200740601,71.34898475227,66.92921210814,73.70468920511,70.05476422786,75.30467618886,79.0782643784901,80.0374074463399,83.00029219069,85.6083254912699,75.2196759639799,83.06418111631,84.9196979048,85.89669170887,87.2614664094701,89.44178618732,87.98121219576,91.44409373591,91.6304067270301,94.07762922291,93.7247496375102,91.13545999007,94.7191321330899,88.73326372513,94.79730324987,93.53650090696,97.9722725530802,97.27691744547,93.3242959922701,95.26028941696,102.8911375406,100.52136410877,107.99880532291,106.88787722417,109.32583251211
20.9978212149,22.3018873825,11.4642542678,19.595570432,19.5905814903,8.97229858140001,7.1067472598,12.2030982109,18.4036218,5.36208426756,10000,9.4716018273,5.659348099,11.4259553644,18.2501435884,7.65152462800001,15.978753746,20.810613296,19.9216228125,18.0853831421,14.388603534,14.0462521079,20.6120271024,21.3351509588,25.2152214331,29.9461898984,25.4030084593,30.3047263108,22.1926063884,27.5574713265,26.9896448975,29.81700803754,33.4916267518,36.4120349554,27.5937750439,33.9954796258,40.489830859,38.2623947729,37.9028351847,42.7584976211,42.04949031652,41.915685362,43.2983438769,46.6915512573999,45.3600734336,47.558120632,49.9842590354,44.7944519926,44.7367067931,47.1129728084,48.5403466175001,48.9419396431,51.41731326936,54.858526878,50.777780673,55.2469333737,54.5565808453,62.037176734,55.8168176131,62.7550968708,63.3735091468,65.3979715117,64.2222114631001,62.6454672942001,58.2459722167,63.7424716269999,68.3311991004,72.1194135353999,65.88272144859,67.3574757370001,70.5754593250999,68.832006866,65.4706800456,73.0457321705001,67.1461320054001,73.371978718,77.3845809435999,79.4914992043401,82.52284654048,83.7696087944,73.0980980985,82.6612256363,83.3071008969,82.81821930381,85.4411917249999,87.1047353671001,87.7472358718,89.96634002476,91.7227657689,91.8420335987001,91.6686384819,89.6970753314,92.9662592737999,86.0873731681002,92.5779099780001,91.8492530654001,97.1298500833702,96.0586340983001,90.8130787903,93.2628390749,100.6591325519,99.0066501637,106.4982268001,106.9673027718,107.3858506624
24.429415144,19.5934809948,17.4021186531,21.8092716326,19.7751898302,15.1625645208,14.0700819682,15.658130401,17.5690048208,10.60856103689,9.4716018273,10000,10.4205595324,7.7108500396,12.9347194846,12.5361601595,17.719697458485,17.2076724216,15.9388128702,13.1704085877,17.429686693,18.7915785179,16.2982793358,17.0067709374,23.580867627,24.5545453878,26.732003895,28.2270089352,26.9110010586,23.2177851694,29.2173146071,25.19022903596,35.1784675693,35.010521002,31.833923061,29.4642697212,38.1440413954,38.4651738660001,39.943796909,38.4480640518,41.32107217704,44.0708878946,42.6829574174,42.4580138803,43.9779690874,45.8296230132,45.4918313242001,47.8963181476,42.7423810856,43.6053952482,43.7377210182,50.7833255303,47.885339446,53.1229446539,53.2326707910001,56.7938842444001,50.4030257868,57.239531655,59.5129282344,59.6506128442,61.6954143267,62.7665617924,62.7119305782,65.7269094666,61.5631234354,59.2076530568,65.9375120113,67.3335477825999,61.80837668204,71.1516957212001,74.3195652715,72.4702155156,69.73352284141,67.8592011214001,71.9730669226999,77.1573702327,75.5736947893,78.3855467930001,80.2168118784001,78.7316349358001,77.5722730074001,76.0351242209999,84.2322683827999,83.4381991063799,85.1582846112001,85.3071737353998,87.3976600011,85.6356959069599,90.34541376178,87.9803790722001,92.8150698176001,84.6264709488,92.419529234,91.1771575625999,95.534626213,94.1231573367,95.1372071243,91.3583145906,96.2914099771999,97.7929668964001,102.7900372426,95.3384933737001,101.8433161824,106.43369557,103.0478767146
24.3090126211,24.6970204476,13.263637685,21.2981602454,22.7104391373,10.5436895474,9.40401423399999,14.701649866,21.3269024534,7.50267575849999,5.659348099,10.4205595324,10000,9.9669802665,16.9799545097,6.7134070847,14.29627813367,19.432130457,19.2197913958,16.0491749497,11.9831570416,12.3297641003,18.544951077,19.8390055477,23.6109749405,28.5147076907,23.4494515208,29.8004449078,19.0766789134,25.9267143387,25.1403176857,27.66419047256,31.4154512621,35.0169189669,24.9636002107,32.4039908454,39.668558845,35.8247023512,36.1214192404,41.6556270468,40.82690057428,40.6483089071,41.5619901023,45.6741983732,43.9446157352,45.6089209844,48.5608724028,42.9164636682001,43.4743907794,45.2159739498,46.7428848248,46.6488279987,49.27285301292,53.0739616156,48.5695590985,53.1171580469,53.0448928718,60.4755459127,53.1359444023,60.7509366291,62.9841746960001,63.8736915918,62.007493215,59.1076358239,55.8920494457,62.5241147308,66.0043638244001,70.9869388140001,64.56248086659,64.4726826156,69.1837562601,67.6736872983,63.31988941994,70.9927711537999,65.6725527903,70.5783483771002,75.4356108713,79.17401217561,80.6907927577401,81.9504984228,71.591476337,80.8020592569,80.7727404938999,81.3880779134201,83.8926965883,84.9622045185,85.994757749,88.7719030079999,90.5301069062799,91.0744733229001,90.0914164254001,88.2034076227,91.4189554602001,84.4521294576001,92.564276358,89.8830721745,95.37206361476,94.4922079547,89.6490911699,90.8328716919999,98.6145755588001,97.7685344319,105.2118705576,106.3363144092,106.6034048067
27.2684592565,21.9407692337,19.6017788989,24.2302428592,23.301265582,16.2773070149,15.5285067389,18.9326947202,20.5664622629,12.84868411007,11.4259553644,7.7108500396,9.9669802665,10000,11.1209573841,10.7869844221,15.32571541525,14.8686364684,13.967266392,12.7015649258,15.038509284,16.6648676064,14.6258531208,14.2338600013,21.817967341,22.6891690922,25.6806075907,26.8961908058,24.2213870739,20.5271691773,26.8358304752,23.281228053,33.6843384871,33.5621722268,28.8367601348,25.7783657401,37.068175201,37.5532277611,38.8626937386,36.7883279278,39.17349528148,41.2541100571,40.5151133303,40.8453173616,41.9157389889,43.8180813849,43.4002367889,45.8760673229,41.0463407575,40.8118824061,42.0227783257,48.9001665814,45.0661167050801,51.1318362023,51.1758079042,55.37633286,48.099066255,54.8958754161,57.3818535677,57.3592445505,60.7796071028,61.2741592075,60.1015895999,62.6609136502,59.4834155524,57.6608184703,64.1683393034,65.1420537819,59.62932202104,69.01583013,72.2549992058999,70.3358228618999,67.5638356461501,66.4061257863,69.5392539695,74.5696683935,74.0201745279,76.7885862028401,78.5994168670799,77.375350126,75.4907281006,74.3723605715,83.8727502347001,82.9946127981201,83.0107233621,83.4754454258999,86.1692207788,83.84246338018,89.0899032377999,85.4497248921,90.6697781274,82.5670048702,90.4904601293,88.2189548273001,93.1318450847001,92.2937826899,92.86746203786,88.5109957343,93.5558591885,95.3151976431,100.5816974591,93.1172953277,99.5251754587999,103.1200453897,100.8408144192
38.718380625,18.516961913,26.3245299264,35.076105606,24.636706248,23.6701109992,22.9223180956,29.2311624666,23.947845776,19.67102983591,18.2501435884,12.9347194846,16.9799545097,11.1209573841,10000,15.2804623803,25.270931312,9.51292440899999,9.259487878,15.5143182264,19.1674306606,21.4788083895,18.698308926,19.754172189,27.731539526,15.184730302,34.102770436,30.538113399,29.4121827404,25.0231087916,37.0105231738,28.21083297168,42.5855767158,36.7715590574,34.641635918,31.5136011399,41.6797375783,45.615993451,46.812959518,29.592036618,43.40673574452,50.537844181,46.270377693,35.0186088099,47.977700725,49.655918,37.597590241,52.6469280612,46.648149102,44.971523226,46.5699978349999,59.4113720440999,48.12285911004,57.0814789863,61.3012658736,65.31963777,52.1134394280001,47.838367562,68.3577855497,52.8166968622,61.2749604575,63.9106318074,66.383972636,74.0574327917999,64.7092853030001,61.7857132999,69.1310011940001,57.066136673,64.85929102208,79.607178145,82.875972546,77.479008053,72.0677835473101,69.435287547,74.5398028456,84.0453039197,79.611945457,79.96272301583,80.762998159,70.7268772190001,79.9832357774,76.3014868982,92.086679867,91.603397881,88.1995355339999,88.453214643,90.1792109967,78.32655994476,90.8334461299001,80.1796172371,98.086851328,87.098862482,96.0024030076001,93.9071336211999,101.215487208,102.5961698576,95.5598962869599,93.0498488049999,98.352147074,100.743753388,110.470929486,98.0550839613001,93.2019752644,107.114679606,94.7241484871001
25.4174629356,27.1688307124,16.3509785038,24.895365115,24.3321995737,13.8911299721,12.1470068143,17.7425370069,22.3418826745,10.54347513936,7.65152462800001,12.5361601595,6.7134070847,10.7869844221,15.2804623803,10000,10.27280357717,15.7889455656,15.3308417644,13.0690947294,9.33058151379999,9.2638940449,15.9507257916,16.3555380225,20.6346247421,24.5429009553,20.4667115227,24.9324478558,17.2827359523,23.1552112535,21.7674056044,25.46961833962,28.071002761,30.7816236844,22.686298596,29.347291752,34.6816284836,33.769725458,33.562475464,37.6911759521,37.13417067968,36.059076901,38.3776896058,41.9668594561,40.6666902806,42.834886128,44.5149249044,40.2948046166,39.8808924756,42.2563262242,43.7689275414,43.6717017289,46.81428040252,49.9853997032,46.193444274,50.0192846096,50.1658648973,57.377583268,51.457266077,57.7899964912,57.7291604972,59.2212479187,59.4314854024,56.8067096482,53.3139723857,58.961099421,64.1152529310001,67.3628515973,61.30132578959,62.5587268345,65.0433804762001,63.940939543,60.61732029789,68.4270387545,62.4800402445001,67.5139120345001,72.2682948458002,74.2644547578099,76.1773995923701,79.0201578704,68.1128151775,78.3635745719,77.485877589,78.7661248119999,80.798263221,82.3854723481,82.4766976072,84.7463922385001,85.6248931697201,87.1843083546,87.839183498,85.1075110163,87.9318995076,81.2143918715,87.308039509,86.6461323916,92.67466420567,91.4127212062999,86.6028925579,88.239652031,95.7080910420001,94.1173114964998,101.6100196456,100.8472685232,102.6004119253
20.85948051808,37.7069639177,24.188077617515,25.84120996575,24.48370958048,21.40803880918,19.47179910181,12.04441090644,20.02913991397,17.51454950214,15.978753746,17.719697458485,14.29627813367,15.32571541525,25.270931312,10.27280357717,10000,22.18125887768,23.0358510186,16.06663128837,15.53979564991,15.74520961424,18.82732786513,18.84974309942,15.110020131,32.4996126391,13.61331742161,20.25052590601,21.52710522371,26.37694603372,22.12752633008,27.36606749065,19.463734486855,26.53986909828,28.265224901415,31.711572288495,29.74270983495,24.18488344298,25.190814198965,44.4614742651,33.82253071245,28.210540437045,33.33849245478,49.57762720114,35.385845003515,37.158291026925,52.2686467589001,34.3769360306,42.08383084448,46.01354348362,46.519739011405,43.083997266665,49.6538652941,44.136571497695,46.181374720265,41.89754539681,53.17095600772,63.8486835635,49.95994086668,66.3584959402999,54.19179369516,54.8415772461,54.256792572745,54.70522999304,58.80791167462,62.17518785429,60.0019039765,74.57711010422,64.12748535438,60.360223160335,60.10242163403,58.41456238771,66.78525554362,69.95344572345,68.5619127591701,66.822352440295,68.111569603615,70.01834848561,72.12737472107,86.24187520608,74.74683638561,79.2021930100351,68.84763274211,69.84562864578,75.4125038793801,77.6095508292451,78.9305415162901,92.6270609987,81.6124714119399,95.4420568169999,85.68748531125,87.02241963738,83.3701362212,87.19495932963,81.74173852074,86.2921595662701,90.738993137185,94.09042683674,92.58882171477,90.63242177563,87.180066114135,97.819355133095,109.0747417551,96.3273867833701,109.1826363507
41.81917862,21.950120882,29.0947032372,38.4405946118,28.7575181769,25.1462795262,24.8778104184,33.6941729392,28.1592834364,22.89682426998,20.810613296,17.2076724216,19.432130457,14.8686364684,9.51292440899999,15.7889455656,22.18125887768,10000,6.8625893726,13.6292627967,15.7389641906,17.9586081896,15.6300338762,17.182304246,24.3607183162,13.748942843,32.1028227364,26.6643231732,25.1849452452,22.7161250126,34.9501735537,25.20237729592,39.129522978,33.6097341748,30.7379530992,28.4129843193,38.7793220996,43.8869855396,45.1014070332,27.1054621442,38.77198939668,46.369006571,43.4640347454,29.9622689421,45.1694121136,47.247054368,34.0687489646,50.0863480336,43.38067149,42.808163688,43.336793365,57.5413551634,46.0251183956,54.5271664363,59.0765086708,61.4595776902,49.4492324844,46.04664513218,65.7285912485,49.4894899654,59.1469548057,61.1832034494,64.3008497018001,70.9076630464,61.096358609,58.6783050344,66.7278250047999,56.1796022187,62.10765046184,76.8195789957,78.8865131201,74.677199052,69.1140493542001,67.3179980046,70.1626782911,82.6444314239001,77.1442161570999,76.4147845022,78.13525087805,67.7327750522001,77.3386385904001,73.3518832728,88.6508189306,89.5807733046,86.7494398474,86.8433515714,87.2115020613,75.4423486201401,88.9509392807001,77.033847175,95.3699518226,84.8665597326,93.9094630022,90.2130599522,97.4426618697999,100.6309815668,92.4118054513599,90.6288264808,95.7560310487999,97.0827495129999,106.4108358296,95.6493194669001,90.6572353838001,103.907269546,92.8046612581001
39.265981353,22.319313657,28.049507592,37.915849886,27.284923942,25.6509047452,24.5599756246,29.9291210402,26.5857543075,21.98820907471,19.9216228125,15.9388128702,19.2197913958,13.967266392,9.259487878,15.3308417644,23.0358510186,6.8625893726,10000,10.102146774,13.3215360329,15.185260103,12.540613846,14.376723116,22.502972522,12.236572331,27.464319468,26.029163181,23.2387749494,19.243383967,29.8650422204,22.33615820792,35.91985408,31.0069152184,28.839928286,25.4672481457,35.7661009739,38.565253669,39.819601316,26.235963231,37.67019676712,44.949453969,40.8772321844,30.827654778,42.468441393,44.731285924,33.064027741,48.2830350467,40.5522744280001,39.869651422,40.23102143,52.4912546961,42.95201881588,51.444969561,54.0280882220001,57.6246419194,46.867537738,45.4456358420001,60.3550925655,48.6372501066,56.444337593,59.1728522884,60.906940085,66.9273023152,58.4778303950001,55.32137644,64.3309099399999,55.2202286872,59.20363359867,72.128673319,76.0037087016,72.91867593,66.32584696221,63.919046576,68.0131473685,77.6255106751,74.069348151,74.62675615568,74.812297081,67.310816045,74.0173116660001,70.6950733224,85.159843822,84.2491562160001,83.107324282,83.423388406,84.8446477061001,74.24066161732,85.7995744680202,75.6002226920001,93.3675332,81.637748699,90.5722924724001,87.776105833,96.5323584439999,95.2860418791001,90.21270172839,87.649275599,92.520302487,94.6625315829999,103.564916986,92.6633956250001,89.4904099912001,101.9397614118,91.090982069
33.6030864911,27.5530691548,25.8023651377,30.7150798548,27.9578504568,23.2569393373,22.3635472508,25.5238019384,26.5860851987,18.0978345884,18.0853831421,13.1704085877,16.0491749497,12.7015649258,15.5143182264,13.0690947294,16.06663128837,13.6292627967,10.102146774,10000,9.57969936129999,11.2690141248,8.2945757423,9.61996471160001,17.088722838,16.5230306544,19.6414541447,20.2589764351,18.3532844467,15.3031099025,21.8064188899,18.13689630716,28.3619044022,26.9951745151,23.872614378,21.4669643555,30.5320935523,32.1013950647,33.7670849174,30.5621727084,32.58704263056,36.1207034384,35.6983924129,35.0190767323,36.9003090889,38.8106695311,37.1954075024,40.4927396391,35.6272803712,35.7009662027,37.3982764343,43.6702056628,39.37955113394,46.5173463885,45.8955619952,50.169737055,42.8241584895,50.4570401054,51.9146320206,51.4804696973,54.3908753167,55.1263182626,55.6619688726,57.3114910009999,52.8751125897,51.4972601164,58.7758371258,59.0088019153,54.81182758289,63.6490156569,66.0273059424,65.0366970966,62.05473222234,60.6557515397,64.3076724666,69.2036804628,69.0099300556,70.75947372387,73.01424237541,71.2645209189,70.2901626585,68.2944175257,78.1058517794,77.50009709462,78.4508853201999,78.6011942854001,79.1722582136,77.52865044556,82.7677569084401,80.3238193232001,85.0420977546,78.2521213417,85.9028788705,83.230048011,87.7244783365999,86.9885952341001,87.15850812509,84.0748623386,87.9388088670001,90.2450540469,95.4848332646,87.870494836,93.7551467886,97.4116990854999,95.1396930574
33.245970647,30.7205220288,21.8704989449,30.6797558939,30.8723589316,18.8431055407,18.4237088751,24.9827523784,28.5840760986,15.84445918266,14.388603534,17.429686693,11.9831570416,15.038509284,19.1674306606,9.33058151379999,15.53979564991,15.7389641906,13.3215360329,9.57969936129999,10000,5.0011755706,10.3585788478,10.9255731074,16.8779139044,18.3448484968,17.6006327458,21.351730641,11.9898502109,16.9213024266,18.0246640575,19.7639987068,25.2824301015,27.0189601964,17.7934002857,23.7001053183,30.0564193014,28.7824826072,30.6121083504,31.8985043568,32.52326881148,33.5905877522,35.6027512443,35.6859574304,36.9816134114,38.9388787338001,38.395178819,35.9397997842,35.5764992506,36.8851002488,38.2167822108,40.7048040406,41.09615011992,46.2308961203,42.488529883,48.2051970584,44.6061037339,50.7323341678001,48.9434460377,51.991085789,54.5699881745,55.8192892802,55.7589185556,54.8793816452,48.1967124699,53.3511699420001,60.0969703478,61.042078479,55.86362581303,60.2910049396,62.7695643871,60.5820302128,56.03315230995,62.3112428278,58.3902224427,65.9950530758999,68.4897932072,70.56907562041,73.3147803591399,71.752739269,64.7571680399,71.9670939504001,74.8273588736001,74.4209099066,77.7615274406,78.6394687568,78.8204346593,79.31067089552,82.61641871962,80.8257773974,82.5261684244,79.2217757678,85.046987027,77.5866108971,84.9046480969999,83.2903103148999,87.11918828946,86.2496193835999,82.8061584658999,84.1262402594001,93.2927305296001,89.1703295860001,95.4883740177999,97.9621486094999,96.4783144838
32.203289167,32.977266663,22.1459140428,31.1383162965,30.5837804136,19.9230009553,18.5504426153,23.4563473962,29.717070034,16.1260752936,14.0462521079,18.7915785179,12.3297641003,16.6648676064,21.4788083895,9.2638940449,15.74520961424,17.9586081896,15.185260103,11.2690141248,5.0011755706,10000,9.519460145,10.7842722265,14.9388716285,18.820855593,14.4382704695,19.468639395,10.6851948927,16.9375366457,15.7276221629,19.03319875866,23.1425555319,25.2993578509,16.8854131785,23.2453000957,29.5031959015,27.2720835295,27.2460075472,32.2262430855,31.08867639518,31.7240003779,33.0470724659,36.0236595397,35.1072110145,37.067462996,38.862142152,34.4486169251,34.031129544,36.4550728035,37.2715305105,37.5032239739,40.541237244,44.347806806,39.7339348085,44.9267878133,43.461593115,51.285763204,45.3330040711,51.6945907874,52.473667486,53.9820301082,53.729854425,51.7458512736,46.5572363605,52.823361671,58.380926832,61.347300958,54.67147937023,56.1263881285,60.0687635805,58.7983691425,54.17472330467,62.014163185,56.1403517297,62.8489138261,67.0827740373,68.49512857011,71.7779001449801,72.640111149,61.9024621379,71.5519559431,72.8018340015,72.4989906665,75.524224176,77.0454427540001,77.2508311794,78.9471963675001,80.5266627612001,81.1514692702,80.8098595435,78.810456793,82.6023202801001,75.1710826801,82.532436454,80.6744483179999,85.99992284587,85.2464492900001,80.0326297009999,82.0405677825,90.3824882975,88.4296973300001,95.5412130723001,96.1449208173001,96.7240706055
35.197962747,30.857670407,28.3550028318,31.300470436,30.7565418081,25.5681789958,24.8190123936,26.7323317608,27.9613509077,21.52068784031,20.6120271024,16.2982793358,18.544951077,14.6258531208,18.698308926,15.9507257916,18.82732786513,15.6300338762,12.540613846,8.2945757423,10.3585788478,9.519460145,10000,6.46140999300001,12.364615805,13.149507701,15.85440092,17.503486899,15.2874270012,11.606719309,17.6461770005,14.63061407588,24.6150322919,23.6374779814,20.43807724,17.4116462771,27.3315002299,28.470258725,29.030733294,28.052613818,29.75445944816,32.361619642,32.0861989563,31.8932002309,32.70453011,34.912787669,33.923688165,36.4247998731,31.502061623,32.119506732,32.843374402,39.6175766451,36.81460097792,41.7930807008,41.3921373074,46.2404652848,39.194040773,46.296513422,46.5147488378,48.1046282282,51.427882289,51.796788333,51.181244973,53.828375475,49.954779811,47.6493952646,54.3291968585,56.071625411,50.62508891814,58.3607838335,63.004988789,61.618483654,58.14899254623,56.658480056,60.7291855277,64.9535343049001,64.876614823,67.11457484351,68.42352979905,68.082131113,66.6548388766,65.3431090374,73.868887672,73.9649998050001,74.338681892,73.9473625109999,76.5728236137001,74.4267789280401,78.80629203092,77.0026117828,79.856627836,74.50512104,81.3651985006001,79.5670116952,84.8570674410001,82.7065236616,84.2422652734899,80.200153383,84.521837448,86.969041923,91.7236515300001,84.1731869148,90.5956088532001,94.67699166,92.2143957470001
37.169414715,32.092774684,29.299083069,33.886739532,32.868259425,26.0988472638,25.35824071,29.2693185912,31.3527382807,22.45529048647,21.3351509588,17.0067709374,19.8390055477,14.2338600013,19.754172189,16.3555380225,18.84974309942,17.182304246,14.376723116,9.61996471160001,10.9255731074,10.7842722265,6.46140999300001,10000,12.678316998,12.817687525,15.761611123,17.010837381,14.254835283,10.279435445,17.1795553257,13.21964448508,23.4289923288,24.2659068824,18.838889115,16.021549541,27.5369447239,27.750393866,28.9546748886,27.566630886,28.95009608088,30.86133645,31.3158369849,31.1402565823,32.596591396,34.924925838,33.879390354,35.7286010874,31.036523183,31.023732362,32.017135098,39.5444460480001,35.138583073,41.9564822898,41.6485199094,45.0503841446,38.138558556,45.730907663,48.1368971547,47.6035918478,50.5314719645,51.3658528748,51.378441406,53.2478500822,49.281262307,47.2964983158,55.0298293825001,55.359061652,50.22448538695,59.70267179,62.192296553,59.96229455,57.16888977921,56.289548933,59.0976852294,65.5492902005,64.6945572477,67.26965485134,68.94400188104,67.357842162,65.2360265508,64.985577352,73.547053228,73.1947785309999,74.002393774,74.2086326260001,74.84436216,74.3983795070599,79.1399648716,76.4280510068001,80.6130531739999,73.150169718,81.7111016748,77.9849518872,83.0420463120002,83.3691238204001,83.3507181828699,79.0447543349999,83.395345817,85.501386731,90.4297962980001,83.3161906588,90.1915992739999,93.9399808146001,91.491028571
31.916081497,39.40642341,33.824761454,30.129800929,35.960473821,30.7566199922,29.3240701064,24.4253802766,30.3666083725,27.76567200287,25.2152214331,23.580867627,23.6109749405,21.817967341,27.731539526,20.6346247421,15.110020131,24.3607183162,22.502972522,17.088722838,16.8779139044,14.9388716285,12.364615805,12.678316998,10000,19.474264365,8.93390785,14.667537044,15.4491841134,16.5054517004,15.466392,18.66780023712,15.4534250647,19.9658037554,21.333276977,21.7966828795,25.27511854,20.247643504,21.2516944396,31.631535801,28.88865026452,24.2609055812,21.9777011098,36.5983174734,23.682149803,25.38139557,39.612754536,33.0833467168,33.201517156,35.795282755,36.981509619,37.4579754726,39.50111134216,32.5560677964,39.4612046298,37.469789533,43.60539068,51.01879655,43.7252817267,51.3138506542,48.10294716,47.8002694578,42.0919171268,49.085601211,51.997471196,52.823594478,45.991067966,61.253905432,54.14543334127,55.018256643,59.6713904722,58.300349794,60.23226329269,60.0556745,62.0054174836,60.6330674724,55.8056191961,64.1159832498299,66.00868168898,72.933927223,68.392601878,69.253175826,65.401971791,66.8486483660001,64.492481567,64.6387193226,74.5744827329,79.0902640040001,75.6303885517,81.7249882172001,72.3087109730001,78.1931030649999,71.3713462196,81.0105972484,79.637772783,80.3881102385999,84.4560947063599,83.777990571,85.7938132340001,85.8086429940001,83.3127418939999,87.0855306978,94.479094288,90.2578887837999,97.3742357220001
50.059284302,28.86209522,37.5280911511,45.464350183,35.4955567656,34.8104510798,34.2100172042,41.0737274166,34.8144909843,31.05251022211,29.9461898984,24.5545453878,28.5147076907,22.6891690922,15.184730302,24.5429009553,32.4996126391,13.748942843,12.236572331,16.5230306544,18.3448484968,18.820855593,13.149507701,12.817687525,19.474264365,10000,23.30268019,18.663346684,18.395006944,14.160090623,24.746920512,16.8770160896,32.9490520578,25.1854588094,23.929057807,19.9357744435,30.8023379965,35.631987891,36.8863756,19.34100303,31.96658333468,40.335804056,36.3386605406,23.7106570199,37.493668377,39.286362368,25.850157275,42.7136234080001,35.225010364,33.824415193,35.586644553,47.2862081171,37.83294285812,46.808601037,48.7255525766,54.9921264806,40.796657854,37.01234134718,56.0335696382,40.7527895925,50.787081898,52.3345961118,55.7471096739999,62.0415134624,53.900792069,50.16569494,58.789681377,47.108959051,53.77646541908,67.72788217,71.2333011944,68.078835121,61.655462742,58.508797928,63.7705794968,72.7296639749001,69.3554624935001,68.97439509383,69.686391853,59.993452375,69.4585333998,64.604274948,81.910031214,81.134091013,78.499879257,78.2240093999999,79.7134843753999,67.00020127848,79.5641061131999,69.186556728,87.417332969,76.4048626410001,86.1990880538,83.5599593842001,91.2178976629999,90.4720844544,84.45731081839,81.909333559,88.212257827,90.2977904620001,100.464194158,86.7693970871,82.0835498412,96.389030851,83.8525608179
