10000,15.736613071,8.2383842894,12.043701404,15.483396673,11.5714894172,12.345568693,11.3752775116,18.5808255061,16.3177882058,16.661662081,20.1719860728,18.845397383,22.898763768,30.301670348,21.764570313,20.83629146808,33.385711426,32.240604661,29.4583984592,27.347233083,27.685594606,31.510682426,32.651044246,31.527655937,41.593052807,29.848941348,36.140625767,35.193182643,39.07898561,37.5611199643,41.00637606012,36.2015919328,41.8572259853,40.563913557,44.5259725394,44.9625931246001,41.285822982,42.631058598,54.473203689,49.44821752068,45.572801623,49.533444565,59.8064209008,51.32686902,53.171030668,62.398356051,52.928177177,55.682368906,58.664911523,59.775256985,58.8056903367,62.55658218216,60.7627803675,61.4617478744,58.9274306144,65.7663059350001,73.656565291,65.6640200751,74.553275283,69.39690583,70.1814631444,70.1086291409999,70.7194060126,71.2530480769999,74.6448595359999,74.074340487,84.10369994,76.892857351,76.750320465,77.6665022203001,76.1424631220001,78.86156148669,83.475409825,80.9335614841,82.3417550366001,83.7614289640999,84.8627060935101,86.68779644998,95.737763916,86.697001933,92.4155752787999,86.186374528,87.266171236,91.718216226,93.2559808752,93.8394227643999,102.07499522952,96.6880412267,104.880248769,98.2459468980001,100.27643273,99.4445928618,99.7177889270001,98.317918491,102.119696253,105.33199313037,107.274312644,104.289568659,105.351486288,104.003252551,110.0341726304,118.4964703458,111.7834663138,119.406957688
15.736613071,10000,13.867740182,21.073312799,15.3873663947,16.4990491268,18.1913786716,20.8416846224,20.1106079721,21.2751817314,22.0744312675,19.5934809948,24.4756764826,21.9407692337,18.516961913,26.9768151434,30.9817431127,21.950120882,22.319313657,27.5274078658,30.6630139328,32.770015868,30.857670407,32.091709914,39.25020753,28.86209522,40.080637738,38.225847568,40.270307348,37.28183663,43.1851583544,40.09219057976,47.7421931749,45.1080577934,45.715846411,43.6511541716,47.9778639896,52.886556626,53.162324445,44.651836907,51.5909289118401,56.6052423892,58.0150553697999,47.1471360204,60.0830874300001,60.399998982,50.079830979,64.2263837546,58.475458605,57.8203270510001,59.349043594,64.3333422321,60.84688166188,68.5100305150001,66.865252112,69.1376588618,64.669146177,62.0470862629999,71.9072738094,65.5610492674,71.897250045,73.4077543613999,78.296565643,77.015826214,75.906138964,73.937631126,80.8008509770001,71.7621005152001,76.9766602528999,82.3675183455,85.976409159,87.631628055,83.705256576,82.5867631159999,85.8278713788,88.3334844920999,91.5593319130999,88.676261747,89.677479392,84.303786971,92.0155059411999,88.613649871,97.4794314370001,98.20914888,99.8977289679999,100.5335411307,98.3919062964999,91.1885461743201,99.5498622416,92.5589324838,107.871579831,99.856851502,107.9704553616,105.4012071884,110.099283301,108.3992438849,106.33677028143,105.856119715,110.246118359,111.503271212,115.256840292,110.3941271421,105.5834296914,115.4207408128,108.4888009014
8.2383842894,13.867740182,10000,13.129913962,14.6202387872,6.9044919649,7.1644307613,12.7170712125,18.6480382229,11.18933427256,11.4642542678,17.3957617231,13.263637685,19.5844142614,26.2820255924,16.3509785038,21.844776432445,29.0719080572,28.010253628,25.7214192177,21.8704989449,22.1459140428,28.3318036418,29.295473887,32.355532328,37.4379013451,31.6774284469,36.8277403363,29.9554938649,35.8000726893,34.6102964784,38.14842994886,37.6498281371,41.8923705554,35.5179560899,41.8996575841,45.394121189,42.0421646131,43.8081683036,51.3805847541001,49.94870652928,46.7951230817,50.923355431,54.9530679815,52.7339633784,54.6412933993001,57.846072756,52.6019289297,52.9716629296,55.1909448505,56.0073135108,56.1908447651,59.1580653836,61.7900190927,58.6646245572,60.4863040223,62.8775372416999,70.4126595024,62.3936300684,70.4393222854,69.7540017611,69.758761342,71.2149354603,67.8733422807001,65.6206501524,71.7191092827,75.3450094143,79.7605211440001,73.38036007623,74.0495494107001,74.9351722687,76.6514026281,73.33312357162,80.8065352427,75.7824351004999,79.9999884627,84.6926945717,85.64575281871,86.8415577175001,90.9198861398001,81.3368249354001,90.142093023,87.3730951612,88.6974567811001,92.7071831132001,94.0893029813,94.0966953163001,97.6230699773001,96.8955393471001,100.22407655,99.0832622380001,97.7709934667,100.3438761569,94.0380699087,99.2603698351,99.6245467729999,104.71388727996,104.2892120977,99.4618450238001,101.1395251621,105.572664097,106.8904389999,114.2387102166,111.8269936108,115.2384496203
12.043701404,21.073312799,13.129913962,10000,17.0369627685,12.6693384518,14.24830292,12.3274587104,20.3129014873,17.1380084966,17.425148121,20.4604795852,19.1127537526,22.5050273289,30.375890899,23.010594469,22.07313955607,33.3124512568,33.664224787,28.8651810127,28.1878506781,29.1292017385,30.735539006,32.476579926,28.318640551,41.175864416,31.524217788,37.390783427,35.4061427196,38.645422924,37.509308584,40.016401653,37.51354852,43.009908721,42.076874526,44.419432602,46.5794713549,42.4027249140001,43.0635725108001,54.102592489,50.50352367768,46.33638061,46.6120815501,59.5599763482001,48.320056498,49.368305802,61.268791858,55.6035690648001,55.783164524,58.1283026799999,59.511844138,59.51021966,61.52769799204,57.5784503982,62.142518065,60.627777595,64.811042509,73.73491001506,65.6987012777001,73.9391145748001,70.357609208,70.4079189,66.0447012448,70.4192379200001,72.0608137130001,75.2299325398,69.703753709,84.2361923980001,77.26269760709,76.2013484915,79.744013472,78.292080437,80.1996524427,82.322715728,82.08673402,81.8972069444001,80.7859230133,86.8501479860001,88.87936998596,96.756588536,88.286187318,92.4098375903999,86.919955861,87.9778268099999,88.4197818490001,89.0426063173,96.7089935247001,102.448480235,97.53913628668,105.362997681,90.715698603,100.274903056,96.183924163,100.9310303118,101.105949426,102.3398698784,105.53484397837,106.155013651,105.548959849,106.072559397,105.039787401,110.4302259838,117.6709049898,113.3255145588,121.252791715
15.483396673,15.3873663947,14.6202387872,17.0369627685,10000,13.4146396831,14.905359633,15.0078392588,12.2881418498,18.33039818487,18.7861820257,18.6388027542,20.824502492,21.5036398878,22.406696161,24.1442400206,24.31907024106,25.4857801312,25.5922580497,26.7206294098,28.4763898475,30.0017858627,29.4093467395,30.830414674,32.8461927887,33.3869465256,33.250702975,30.8664154408,37.4057104204,37.0103184002,37.6471642953,39.06687398144,40.555060562,36.7924258648,42.962039694,43.1456316624,39.5989580408,44.845903141,46.4053899468999,47.2409791570001,43.29373151608,49.534185909,52.3067167961001,51.8475787043999,54.0390891870001,55.0906961174,54.6856502813,56.0366772221,55.6117266092,57.4624800467,57.9149767218,59.2622681628,60.39852670886,62.8364598502,62.055105434,62.8439122038,64.3460996592,66.4614231443,65.7051569031,68.1725501749999,63.3795967764,64.5300801896,72.2886848487999,71.7489307806001,73.1615961829,72.3548659493,74.9373895980001,75.9509890763,75.62785181142,77.296358845,79.2186003167001,79.9012426847001,81.0550326274601,80.9565468276999,83.0259586354001,83.4848051945001,85.8469942325001,80.98996054141,81.8828844553999,87.7927170066,89.3310515316,89.1610631188999,90.7092134160001,91.1994923400001,94.7000378287,94.4842047980001,91.1037883841,94.8950200887999,92.31556233074,97.4462516079001,102.166550541,99.5957787577999,101.815157064,101.6007727816,102.347229609,103.3988042116,100.42292538723,105.186348187,107.077007847,108.776772834,108.198997823,108.4354243971,111.3399268802,106.9850361073,112.3365891846
11.5714894172,16.4990491268,6.9044919649,12.6693384518,13.4146396831,10000,4.6545314194,9.92618167459999,15.3023211034,8.95051349777999,8.97229858140001,15.1202707108,10.5436895474,16.2491461949,23.4121554112,13.8911299721,18.79023720873,24.8769944172,25.4733870312,23.1776743473,18.8431055407,19.9230009553,25.5117647358,26.0849423858,29.5613114002,34.6200822598,28.8540448172,33.6009373879999,27.224854531,32.743528438,32.5525221234,34.94898486604,35.2637383837,38.9702186283,32.4170119,39.0631324456,42.1091712554,39.6010365276,40.8002732414,47.8693378170001,46.10601719388,43.5399523906,47.7157522703,50.9725745818,49.4091242128,50.9233131534,53.8944235448,49.7051664384,50.5533724316,52.3764716648001,53.6005143604001,53.8917467541,56.15882543924,59.156124649,55.727485345,57.4003535932001,59.9983544198,66.4561698385999,60.0733942402,66.9599507532,66.5377883521001,66.9269758644,67.7714460376,65.2366301536,63.406717552,68.7551664234,71.342462433,76.8962218878,71.31646540183,71.1937813421,72.3705301552999,74.0895768872001,70.68308231378,77.643602839,72.7859127547,77.3730477612001,80.9405403441,82.2687786062301,84.0597079456,87.6593689516001,79.3374653341999,87.7458950539999,84.4016017896001,85.7977793648,89.182496745,90.4729068331999,91.2746317745,94.7885801692201,93.6760880984,96.5997922896,95.037510614,95.1948931108001,97.0712686896002,92.2671920488,96.6920227632001,96.8117182319,101.56713386207,101.6721040686,97.0745298734,98.1954013034,102.5969964858,104.054038973,110.8880084988,108.9085700336,112.1359383552
12.345568693,18.1913786716,7.1644307613,14.24830292,14.905359633,4.6545314194,10000,8.2268754446,14.4699400338,7.89495877949,7.1067472598,13.9757238662,9.40401423399999,15.4721417949,22.7699556176,12.1470068143,17.21676942903,24.720585749,24.4467189186,22.2575831408,18.4237088751,18.5504426153,24.7268830636,25.31748237,27.8648276544,34.0082796482,27.6933945424,32.633298553,26.0720649942,32.039297814,30.7427269814,34.46207414124,33.2527196567,37.5641047631,31.314156608,38.1727926318,40.9931804477,37.661770236,39.3803980722,46.8039125037999,45.52991254768,42.57426037,46.6222956194001,50.3954159245999,48.3451511456,49.643550446,53.7588624056,47.8578029584,49.3051731422,51.1761870748,52.3658053432,52.2031541346,55.23567996272,57.5976608763,54.3317063656,55.8943141748,59.167661351,66.261424432,58.4336965188,66.6633990744,65.3573855491001,66.0861684482,66.949492156,63.7929859816,62.4382649022,67.9334323660001,70.9822018130001,76.4974558542001,70.07813191459,70.2320200379,70.9247180426,72.335447169,69.73734635363,77.4043133200001,71.6104838033,76.0631174285,79.6006075812001,81.6687980640398,82.18389301797,86.9804938785999,77.8239829715999,86.7164751180001,82.7451020380001,84.3514292670001,87.827917226,89.4271323249999,89.9166604535,93.7754989589,92.6641551098,96.0521951318,94.387532425,94.1699442577998,95.8979977817999,89.9705070068,94.725091708,95.3715626669,100.71365909266,100.4723636502,95.4951000124,96.70955735,101.143215135,103.4376890577,110.557610583,107.6411509338,111.5328552006
11.3752775116,20.8416846224,12.7170712125,12.3274587104,15.0078392588,9.92618167459999,8.2268754446,10000,12.5857634432,9.68046644071,10.579773713,12.998025416,12.831286501,16.3302142185,24.0597143916,15.8458165999,12.04110887432,27.455492156,25.9520055694,22.9976363482,21.5439220757,21.8107135387,24.9597269324,26.1596848698,24.4221423966,34.9253791216,22.306792165,29.5866202504,28.9139628616,32.6149789588,30.426851818,34.22876728704,28.6574303495,35.6623981501,34.5532633782,38.3278574922,38.5849620568,33.9478693851,34.1025229731,48.6513797552,42.50090737892,37.2702005774001,42.5269911758,53.3658652658,44.1097531002,45.9569863906,55.196634506,43.7208669136,48.9138667082,52.1609337022,53.1886273736,52.2019094115,56.16244415352,53.1828288029,55.0613997066001,50.902435257,59.530731912,68.1573976049999,58.6699918427001,68.6356856692,63.0980482829,63.4669500348001,62.5806834532,63.8727684192,64.8167310054001,67.6227891393999,67.7103408169,78.5986083212,70.57131006568,69.6147713888,70.0970266431,67.9089036542999,72.5250424464901,77.1029942282,75.0136121354999,75.7882601576001,76.9196756353001,78.7426183039101,81.09968711638,89.5778517222001,80.7196917682,86.5405704914002,78.6270545342,79.0497033086901,84.4818734853999,85.8754594896001,88.1742344865,95.8038402570999,90.2959139343001,98.3288183306,91.1675093882,93.8484323704,92.2115127947999,93.5483495452,91.256592169,95.0623944229,99.45433917617,101.054448691,98.1645402522,98.6169324024,96.4626496882,103.9467107376,111.946597044,105.584896851,113.6675131988
18.5808255061,20.1106079721,18.6480382229,20.3129014873,12.2881418498,15.3023211034,14.4699400338,12.5857634432,10000,14.29393310956,14.5957335068,15.316121047,16.3944496127,17.7370515381,20.1356337512,20.0365229794,19.91525900397,22.7525795034,23.8337525355,23.0561458429,25.2324149786,26.0592425245,26.4604711897,27.8256481449,29.2421502565,31.3900567373,29.6437163374,27.6255648822,33.4589164432,33.464100819,34.184359871,35.55547932796,35.6849403493,32.6493255835,38.4997017988,39.7060660726001,34.9362988599,41.071169921,42.012416826,45.6349413529,40.56712719946,44.7028979547,47.1290680702,49.5385575943,48.986602785,50.9580116898,51.7858451901,51.4013946022,52.7054861958,53.7528820690001,54.0701505016,55.2443947202,56.43942495038,58.4158004207,58.287769666,58.3826106849001,61.032451077,63.4271661558,62.738093104,65.4370229514,60.045064777,60.0994416411,67.7217338589999,67.5081100233999,69.3521728538,69.196159544,71.5107280834999,73.7972108847,72.07688868416,73.410599165,75.1258043422,75.4142080995,77.0458048582402,77.6196953011,78.5744139324999,79.4854022330999,81.5179991287999,76.508998908,78.5059166868,85.7590783605999,85.0809551442,86.1385713001002,85.9703932462001,86.7026353794,88.9508559827002,90.404579707,86.8013106521,93.0991172592201,87.444227338,94.7548055649001,97.2300248868,95.088514858,96.9642840844999,97.6668547322001,98.0193800028001,99.6561671525,95.9057433171399,101.6043079186,102.4097587826,103.9181060964,103.694521906,105.5390719287,108.6031141631,103.8068359586,109.3700518662
16.3177882058,21.2751817314,11.18933427256,17.1380084966,18.33039818487,8.95051349777999,7.89495877949,9.68046644071,14.29393310956,10000,5.32637865756,10.60856103689,7.4601147385,12.84868411007,19.50461040571,10.53201977936,15.53280432328,22.66571617998,21.86746362831,18.0978345884,15.84445918266,16.1260752936,21.51926773831,22.45529048647,25.94176594687,30.90705251931,25.4608834216,28.84003093159,23.5306393034,28.61364412031,27.82101971986,30.61134127696,32.02325638452,35.33645006459,29.66494102198,35.47080721031,38.3843986297,36.62626131731,37.3310742094,43.83031494671,42.1942134621101,40.3950621596,44.43692879509,48.01343579791,46.26177304238,47.79187624291,51.6041763732,46.77774411567,46.84155382527,48.42475045451,50.5752506853799,50.07900740377,51.67768546767,55.38488400207,52.12503047147,54.2418488236,55.72126903467,62.91983300871,55.97609036186,63.83171516441,62.15127919402,62.88578258744,64.65758123035,61.09277280895,58.4153822206001,65.2924154149601,67.9783486201099,73.7418324583099,67.1787043407801,66.73842522492,68.7449351767601,71.0178803202699,66.92921210814,73.69782517211,70.01542274786,73.14136077926,77.9763778284901,78.9139945572399,80.1377825700901,84.9068656006699,75.21666541198,82.8772119083101,80.97736130811,82.13312021638,85.7925078844701,87.81935406622,87.07053854236,91.31898013631,89.5697741565501,93.91051924311,91.15154459251,91.0877220260699,93.68930892529,88.72395308513,93.7890464114001,92.88887883596,97.48716201458,97.25603025947,93.3000791142701,95.18524065696,99.5795864803099,100.52136410877,107.72791135271,104.91915815397,109.16049026231
16.661662081,22.0744312675,11.4642542678,17.425148121,18.7861820257,8.97229858140001,7.1067472598,10.579773713,14.5957335068,5.32637865756,10000,9.3978098773,5.659348099,11.3955605944,18.0379928714,7.65152462800001,13.54319524369,20.695910316,19.7523380455,17.9945701721,14.388603534,14.0462521079,20.5286279024,21.3315595408,24.0558709551,29.7539158464,23.5982377293,28.149116569,22.1926063884,27.2714459635,26.9435738002,29.70307132454,29.9796685719,33.448364614,27.5937750439,33.9733161058,37.284565727,34.537317021,35.1980764217,42.4676560181,41.3363425335199,38.8752069791001,42.5679517849,46.5058115947999,44.385311933,45.824907225,49.7423800154,44.7797024426,44.7367067931,47.0810924304,48.4943936785001,48.5776895609,51.29772922936,53.253633217,50.5414687601,51.8772444095,54.5198540213,61.7257151979999,54.2103876877,62.4933714408,61.1090956025,61.9002236606,62.585815698,60.1364607252001,58.2136211827,63.524734838,66.3616758169,71.8504808563999,65.83144082459,66.1778664509001,67.2882186979,68.497518136,65.4706800456,72.9994459905001,67.1461320054001,72.2079609770001,76.2908240616,77.35911006934,78.8290392009999,83.2368051804001,73.0980980985,82.4047862432999,79.1949021269,80.10696744038,84.2053575809999,85.2247438723001,85.8959217065,89.79474277476,88.7274179237001,91.6394884837001,90.0706328549,89.6533986004,91.9991281471999,86.0873731681002,91.411494165,91.8084911048001,96.6107073057702,95.9676741873001,90.8130787903,93.2628390749,97.60539591,98.9488220447,105.9650138061,103.7417629834,107.3392992324
20.1719860728,19.5934809948,17.3957617231,20.4604795852,18.6388027542,15.1202707108,13.9757238662,12.998025416,15.316121047,10.60856103689,9.3978098773,10000,10.3369297024,7.7108500396,12.9347194846,12.4849739795,14.773562653145,17.2076724216,15.9388128702,13.1704085877,17.427399863,18.7817132879,16.2982793358,17.0067709374,23.578004707,24.5545453878,24.511555108,25.7669155132,26.8442298686,23.2177851694,27.7862048855,25.19022903596,31.9406550207,32.4419235821,31.787425481,29.4642697212,36.589696911,36.342323212,37.394289238,38.4480640518,39.12277356704,40.1097327888,42.0644237958,42.4580138803,43.6986071856,45.5928441266,45.4918313242001,47.1357772495999,42.7423810856,43.6053952482,43.7377210182,48.9352632929,47.885339446,52.9317946397,52.2233125294001,53.5996701032,50.4030257868,57.225959681,55.7458655668,59.6506128442,59.5498643377,60.7858245334,62.6082792744001,61.1275310438,61.5631234354,59.2076530568,65.9191453342999,67.3335477825999,61.80837668204,67.2525816934,70.2775969871,70.8828448128,69.73352284141,67.8592011214001,71.8933937926999,73.1070249951001,75.5712724973,75.8953277368401,77.2497706061501,78.7316349358001,77.5462220774001,76.0351242209999,81.2813635417999,82.0596016869999,84.5202068162002,85.2996813483998,85.6981344273,85.6356959069599,87.2669053572001,87.9803790722001,91.3725672470002,84.6264709488,92.38500095,91.1288303325999,93.4271403420002,92.5925439215001,94.5556694330999,91.3583145906,96.2346708371998,97.5918541364001,99.6306623722,95.3384933737001,101.8433161824,102.7377296774,103.0478767146
18.845397383,24.4756764826,13.263637685,19.1127537526,20.824502492,10.5436895474,9.40401423399999,12.831286501,16.3944496127,7.4601147385,5.659348099,10.3369297024,10000,9.9153862545,16.7542019627,6.7134070847,11.94384141502,19.219618962,19.0794795988,15.9539511297,11.9831570416,12.3297641003,18.452340537,19.8206698477,21.8916843905,28.2976296587,21.5652262608,27.0775619701,19.0766789134,25.8931633827,24.8171142726,27.57547872856,28.2277367723,32.0501758762,24.9636002107,32.3853457854,35.0806062873,32.4442751334,33.5593189774,41.2707040337999,39.63415473978,36.7279627047,40.7854956923,45.4583129336,42.7845044152,43.9383132144,48.3149956548,42.5400588882001,43.4743907794,45.1877284038,46.6821428198,46.3923024377,49.24655309292,51.8632382856,48.4785060295,50.4034302657,53.0084394338,60.2186781867,52.6362115653,60.4546418541,59.4895751060001,60.0746058325,61.009914105,57.9620035988,55.8524971337,62.4623698347,64.4429136014,70.660834375,64.4927120705901,63.7681349186,65.344339139,66.9750067863,63.31988941994,70.9359883937999,65.6725527903,69.7852970033002,73.7605836713,75.83202027061,76.7501872768999,81.5970857818,71.591476337,80.5173195539,77.5107221074,78.7235971208001,82.3477914153,83.5465539785001,83.9420460394,88.537737448,86.61400548078,90.8692490179,87.8851510189001,88.1591368097,90.0427468902001,84.4521294576001,89.793926858,89.5910409769,95.03605505016,94.4119175337,89.6490911699,90.8328716919999,95.8034451921001,97.7144229849,104.9445133936,102.0999689723,106.5075870867
22.898763768,21.9407692337,19.5844142614,22.5050273289,21.5036398878,16.2491461949,15.4721417949,16.3302142185,17.7370515381,12.84868411007,11.3955605944,7.7108500396,9.9153862545,10000,11.1209573841,10.7659087521,13.92133941084,14.8686364684,13.967266392,12.7015649258,15.036208994,16.6312668819,14.6258531208,14.2338600013,21.439183907,22.6891690922,23.220385363,24.3432434518,24.1714800549,20.5271691773,26.2931583116,23.281228053,30.3770507268,31.2582640251,28.8137684648,25.7783657401,34.6695305227,34.9074910956,36.1630221516,36.7883279278,37.55520171312,38.7879093699,39.981803743,40.8453173616,41.3386448289,43.0940097079001,43.3690331224,45.4872263679,41.0463407575,40.8118824061,42.0227783257,48.1953385119,45.0661167050801,50.5100471076,50.1128451227,52.4203374529001,48.099066255,54.8767245651,54.5376314747,57.3592445505,58.8094435352,59.2418497579001,59.6795948731001,60.1263752754,59.4834155524,57.6608184703,63.7861881776,65.1224546439,59.62932202104,65.6263735085,68.8823139201,69.9816202228999,67.5563533981502,66.4061257863,69.5108550195,71.501228227,73.6453679579,74.68357392503,76.07007174597,77.375350126,75.4694192306,74.3723605715,80.2560739455,80.7491240603001,81.9898322450999,82.7819012997,84.1061152,83.84246338018,86.1616106762,85.4497248921,89.8464779556,82.5670048702,89.9812957223,88.1948948033001,92.2552113742,91.3317092018,92.73534612256,88.5109957343,93.4942310245,95.2193099531,97.9798391066,93.1172953277,99.4869385572999,100.6212378285,100.8408144192
30.301670348,18.516961913,26.2820255924,30.375890899,22.406696161,23.4121554112,22.7699556176,24.0597143916,20.1356337512,19.50461040571,18.0379928714,12.9347194846,16.7542019627,11.1209573841,10000,15.0946644163,19.46495550479,9.51292440899999,9.259487878,15.4886569374,19.1155157866,21.2900736465,18.687004166,19.754172189,26.249015574,15.184730302,28.800807036,26.411984984,29.2500179134,25.0231087916,31.5563649956,28.18944657672,36.0557789908,32.7299299031,34.508130214,31.5136011399,35.9340750993,40.681671128,41.613110814,29.592036618,40.36013556232,45.1739400180001,45.311784036,35.0186088099,46.778921057,48.283343903,37.597590241,51.7332088862,46.548752574,44.971523226,46.5699978349999,52.5184746111,48.03522774004,55.8855249365,55.4936767969999,58.4806357580001,52.1134394280001,47.838367562,59.6971492447,52.8134990122,59.156881473,60.5248947744,65.278466689,65.397358903,64.5746221230001,61.7558856799,68.2457167630001,57.066136673,64.84159852208,70.771770871,74.318996483,75.557992021,71.9558549043101,69.423527657,74.3145551525999,76.9316394913,78.8798020886001,76.31711730015,77.715238047,70.7268772190001,79.8890801434,76.2824849882,86.1332353319999,87.021597638,86.1293006209999,87.365561673,85.7253242494,78.32655994476,86.95976275852,80.1796172371,95.4470730969999,87.098862482,94.5010439718001,93.7170391972,97.7998784529999,96.8202175062999,93.9163089065599,93.0498488049999,98.188214911,100.218950648,103.511056003,98.0422688493001,93.2019752644,103.116490953,94.7241484871001
21.764570313,26.9768151434,16.3509785038,23.010594469,24.1442400206,13.8911299721,12.1470068143,15.8458165999,20.0365229794,10.53201977936,7.65152462800001,12.4849739795,6.7134070847,10.7659087521,15.0946644163,10000,8.77428769817,15.5220144786,15.1764745884,13.0080329694,9.33058151379999,9.2638940449,15.8854647116,16.3555380225,19.4559376071,24.4196357593,18.750180688,23.5887072707,17.2827359523,22.7520857455,21.7586039344,25.30928730562,24.876675967,28.9228541781,22.686298596,29.286254016,32.5739416347,29.382399652,30.635181302,37.4867279191,36.53419553068,33.867062404,37.753188317,41.6990823109,39.812692148,41.194496,44.3324150494,40.0597446426,39.8808924756,42.2465843542,43.7324559234,43.0465546225999,46.72636932152,48.782190708,45.2556507341,47.0305038154,50.1552876423,56.955525023,49.38992834,57.4350779208,57.0321268200001,57.1589289216,57.884203985,54.9020867612,53.2998622237,58.915533613,62.158769211,67.1315038423001,61.25856717359,61.0387363315,61.9134787781,63.802947673,60.61732029789,68.3956626945,62.4800402445001,66.9303012895,71.5837162758001,72.93931110851,74.0156390009801,78.3610240503999,68.1128151775,78.0869396339,74.4379952179999,75.645846929,79.509150996,80.768015765,81.2529234565,84.6250336985002,84.01051497362,86.9026159846,85.4321482990001,85.0769907742999,87.3570683017999,81.2143918715,86.435890085,86.5594688391,91.41924708057,91.3867657222999,86.6028925579,88.239652031,92.8950744440001,94.0950101804998,100.9373935196,99.1306142067999,102.5030116753
20.83629146808,30.9817431127,21.844776432445,22.07313955607,24.31907024106,18.79023720873,17.21676942903,12.04110887432,19.91525900397,15.53280432328,13.54319524369,14.773562653145,11.94384141502,13.92133941084,19.46495550479,8.77428769817,10000,18.92297167968,17.39322173441,14.42371322196,12.95440616022,13.32807946241,16.49024662586,17.783241173705,14.981044057,26.10906773917,13.592109852975,20.24877718301,20.16569358978,24.17753155869,21.91119556208,25.78135524388,19.463734486855,26.53986909828,25.620968943485,29.96306260251,29.73659204095,24.18032614298,25.190814198965,39.96400040741,33.82253071245,28.210540437045,32.86790554908,45.1848787438,34.4988734659,36.16279790738,47.03291513677,34.3743574006,40.62649034338,43.55653670422,44.83296216306,43.083494229695,47.35462445297,43.927041246665,46.123270811265,41.88863327821,50.96784824055,59.41158273841,49.90506132168,60.00844991537,54.0158059583,54.74152237583,53.6599655332,54.70498071604,57.0524604693801,59.87184486931,58.3811227125,69.8432406667901,61.85594071725,60.34649133038,60.09657337403,58.41456238771,64.51129540293,68.52388746768,65.9716016672701,66.7711206902949,67.3168256879,70.01834848561,72.12737472107,81.2778762535499,71.6779640067801,77.8141916347801,68.84763274211,69.84491205778,75.3572809893802,76.8111452731851,78.8965448322,87.53893100324,81.5831249910399,90.1803561074799,82.5980048303799,85.4571793493001,83.1461112471999,84.83186656118,81.70592563274,86.2786738132701,90.348206624495,92.08644316923,89.3522842349399,89.3813289573201,87.180066114135,95.28922283472,103.50467550317,96.3137350663701,105.16560314777
33.385711426,21.950120882,29.0719080572,33.3124512568,25.4857801312,24.8769944172,24.720585749,27.455492156,22.7525795034,22.66571617998,20.695910316,17.2076724216,19.219618962,14.8686364684,9.51292440899999,15.5220144786,18.92297167968,10000,6.8625893726,13.567685764,15.6763556478,17.8211055496,15.5948219562,17.176326684,23.4558897922,13.748942843,25.8166969244,22.6011673772,25.1016223552,22.7109702026,29.3371610647,25.17142800088,33.5444707668,29.3348145462,30.6110667992,28.4129843193,33.2060932439,38.1183950922,38.8583265412,27.1054621442,36.6274154406,42.500994584,42.0090445154,29.9622689421,43.8298552766,45.568022899,34.0687489646,49.647396074,43.199048575,42.785145518,43.331979442,49.5584214764,45.8413346656,52.8418651605,51.9325705208,55.8634795398,49.4492324844,46.04664513218,57.1599910555,49.4549479954,56.4237743427,56.4591342834001,62.8222073404,62.693494241,60.861965711,58.5514420734001,65.9360018948,56.1796022187,62.06605080184,67.8945456597,72.44159887,73.9055837118,69.0384614742001,67.2568524346,69.9743439701,74.0596578531,76.5848649240999,73.5004293932,74.9359614169801,67.7327750522001,77.2584564104001,73.0686799728,83.6524428288,83.9196307652,84.4761015864,85.2595446564,82.8404365314001,75.4423486201401,84.4393009321001,77.033847175,92.5232745706,84.8665597326,92.5840419356,90.0370882222,95.7899617093999,94.2087361704001,91.88192151896,90.6221147408,95.6471499688,96.5937678402,100.8893543182,95.5619567199001,90.6572353838001,99.9255608808001,92.8046612581001
32.240604661,22.319313657,28.010253628,33.664224787,25.5922580497,25.4733870312,24.4467189186,25.9520055694,23.8337525355,21.86746362831,19.7523380455,15.9388128702,19.0794795988,13.967266392,9.259487878,15.1764745884,17.39322173441,6.8625893726,10000,10.074809544,13.2622682229,15.044674416,12.540613846,14.35730131,21.55726263,12.236572331,23.335776389,21.096829657,23.1172607324,19.243383967,25.4253392251,22.33604303296,30.1965766019,27.59973807,28.74316643,25.4672481457,30.8953276449,35.448430428,35.829561979,26.235963231,34.3369853706,39.336909614,39.4225887584,30.827654778,41.295493364,43.030346681,33.064027741,46.2965796682,40.475016272,39.869651422,40.23102143,46.4459802107,42.91826473588,50.1943448685,49.637267703,52.3784736052,46.867537738,45.4456358420001,53.6303157417,48.6372501066,54.5358900325,55.5476114034,60.145281546,59.6186661792001,58.3704672180001,55.32137644,63.4568571175,55.2202286872,59.20363359867,64.9702903825,68.6892280234,69.9716997760001,66.23723981521,63.919046576,67.8699658815,70.9815780359001,73.822974183,70.98289648966,72.75380341,67.310816045,73.9662441400001,70.6950733224,80.192049914,80.9759956780001,81.400891138,82.3909750539999,80.3617717136,74.24066161732,82.3559365848201,75.6002226920001,90.357571285,81.637748699,89.5491390404,87.551952517,91.768590223,90.8109766252001,88.8662170939901,87.649275599,92.3954293199999,94.4027930029999,98.041989766,92.6633956250001,89.4904099912001,97.8825405958,91.090982069
29.4583984592,27.5274078658,25.7214192177,28.8651810127,26.7206294098,23.1776743473,22.2575831408,22.9976363482,23.0561458429,18.0978345884,17.9945701721,13.1704085877,15.9539511297,12.7015649258,15.4886569374,13.0080329694,14.42371322196,13.567685764,10.074809544,10000,9.54299641469999,11.178904057,8.2945757423,9.61996471160001,16.83361888,16.4973693654,17.7035012587,18.1384619711,18.2680736067,15.3031099025,20.6064512169,18.13689630716,24.7887184141,24.6643617812,23.8067237458,21.4669643555,28.5884103821,29.6846072564,30.566298908,30.5621727084,31.0680284134,33.6468803172,35.3318973317,34.9820664596,36.5620948762,38.4426698272,37.1697462134,40.3872447391,35.6272803712,35.7009662027,37.3982764343,41.5631615217,39.37955113394,46.247962762,44.4142683109,47.124767801,42.8241584895,50.3944232574,48.6572628496,51.4251902983,52.1937777271,52.3479491556,55.5913119852,54.3892275613,52.8751125897,51.4972601164,58.5065673408,58.9782587437,54.81182758289,60.5047059061,62.6964421845,64.6972547257,61.97188273014,60.6557515397,64.2115450366,66.0662634262,68.7527342956,67.91961605864,69.9506804336701,71.1751561863,70.2097679163,68.2944175257,74.8017602594,75.2188128194,77.9882157001999,78.5762978944,77.7570358158999,77.52865044556,79.7335812416,80.2981580342001,83.6936435993999,78.2521213417,85.6165631905,83.164501971,86.7207082671,85.445447754,86.96856623699,84.0748623386,87.8525161470001,90.1376704269,92.7762354853999,87.870494836,93.6934637086,94.3399997393999,95.1328825574001
27.347233083,30.6630139328,21.8704989449,28.1878506781,28.4763898475,18.8431055407,18.4237088751,21.5439220757,25.2324149786,15.84445918266,14.388603534,17.427399863,11.9831570416,15.036208994,19.1155157866,9.33058151379999,12.95440616022,15.6763556478,13.2622682229,9.54299641469999,10000,5.0011755706,10.3559113458,10.9245083374,15.5638551624,18.3246590908,14.7257134248,18.784960649,11.9898502109,16.9119382208,17.346298424,19.7552313328,20.9315133177,23.8164200917,17.7934002857,23.6724150089,27.6531358427,25.6742384072,26.3061783194,31.8596963368,31.28609603048,29.7420694624,34.6289888643,35.6545924904,36.0757612594,36.9700134538,38.361881144,35.7768582462,35.5630471626,36.8851002488,38.2167822108,38.8527785914,41.09615011992,45.1564160573,41.218592397,43.33517426,44.6025484499,50.7252142978,45.6236761399,51.991085789,51.5666493337,52.0002644206,54.7216181338,50.7238437316,48.1967124699,53.3112957123,57.8953375468,60.970540437,55.86132439303,56.911993895,58.5178467296,60.2143795178,56.03315230995,62.2749800978,58.3850076557,63.1658586938,67.4112743912,67.5038827081099,68.9576140674,71.717154372,64.7571680399,71.8722402174,70.5181669956,71.5090076156,75.9273542196,76.8165285678,76.6441591524,79.22733957552,78.7754219333001,80.7996054074,80.3087684195999,79.2217757678,83.8644027097999,77.5866108971,82.917502948,82.4175489185,86.91721094946,86.1605169375999,82.8061584658999,84.1034518674001,88.5951587282001,89.1703295860001,95.4164444378,94.1760378788,96.4683914097999
27.685594606,32.770015868,22.1459140428,29.1292017385,30.0017858627,19.9230009553,18.5504426153,21.8107135387,26.0592425245,16.1260752936,14.0462521079,18.7817132879,12.3297641003,16.6312668819,21.2900736465,9.2638940449,13.32807946241,17.8211055496,15.044674416,11.178904057,5.0011755706,10000,9.49527865500001,10.7842722265,13.5082403885,18.646083471,12.5084115665,17.5107238875,10.6851948927,16.4554310022,15.6892259242,18.82666732766,19.3511488899,22.44925657,16.8854131785,23.2090487703,26.2843864017,23.7457913375,24.6865770562,31.9603552855,30.22276334218,27.7427399319,32.4481452348,35.8357890605,34.2606168745,35.296809706,38.6636181,34.0982038641,34.031129544,36.4040245365,37.2501259305,37.0897623449,40.460851479,43.386122686,39.3552279845,41.2947328369,43.457049855,51.005672789,43.5156166271,51.3651683124,50.3894567645,51.3205558452,52.6590805289999,48.9170317946,46.5572363605,52.802298217,56.051127577,61.095775889,54.64241678223,54.8291029005,56.1419090156,58.2463050555,54.17472330467,61.958332509,56.1403517297,61.1759196245,65.9478867073,66.3908088015099,67.8406750260099,72.255206098,61.9024621379,71.3893843391,68.5740832100001,69.2181957015,74.2584430915001,75.17548753,75.4978148799,78.7912308675001,77.8793207062,80.9786181352,79.5732460835,78.784624893,81.8542437176001,75.1710826801,80.6534334895,80.5771178429999,85.51434011997,85.1180359280001,80.0326297009999,82.0390128655001,87.036676628,88.4218459640001,95.2562282083001,93.0897977133001,96.6630484855
31.510682426,30.857670407,28.3318036418,30.735539006,29.4093467395,25.5117647358,24.7268830636,24.9597269324,26.4604711897,21.51926773831,20.5286279024,16.2982793358,18.452340537,14.6258531208,18.687004166,15.8854647116,16.49024662586,15.5948219562,12.540613846,8.2945757423,10.3559113458,9.49527865500001,10000,6.46140999300001,12.358664772,13.142466781,13.727869459,15.06848628,15.2081924012,11.606719309,16.8819215945,14.63061407588,21.2956618969,21.408176269,20.37870642,17.4116462771,25.5084598269,26.120488936,26.6886955768,28.052613818,27.75877942,29.545711733,31.0877721471,31.8605939309,32.168725707,34.032952059,33.923688165,36.0751561951,31.502061623,32.119506732,32.843374402,38.5352838961,36.81460097792,41.1056113146,41.0470574384,43.3814631298,39.194040773,46.249214872,44.8528430338,48.1046282282,48.9369684685,49.885896634,50.995328672,50.359071156,49.954779811,47.6493952646,53.841338015,56.068379661,50.62508891814,56.6624520635,59.7703725341,60.966039534,58.12325441623,56.658480056,60.6422575977,62.0820923869001,64.7969226670001,65.53374605368,66.36842532696,68.037769083,66.6098851266,65.3431090374,71.005588869,71.383392099,73.160476289,73.818098005,74.9708360986001,74.4267789280401,76.5744741211001,77.0026117828,79.5815299659999,74.50512104,81.0150239318,79.5190316352,83.4788943930001,81.9538789973,83.7810035109899,80.200153383,84.443546168,86.683333745,88.788760824,84.1731869148,90.5956088532001,91.7853534746,92.2143957470001
32.651044246,32.091709914,29.295473887,32.476579926,30.830414674,26.0849423858,25.31748237,26.1596848698,27.8256481449,22.45529048647,21.3315595408,17.0067709374,19.8206698477,14.2338600013,19.754172189,16.3555380225,17.783241173705,17.176326684,14.35730131,9.61996471160001,10.9245083374,10.7842722265,6.46140999300001,10000,12.150371871,12.817687525,13.145683527,14.47937833,14.252113929,10.279435445,16.3382187003,13.21964448508,20.095777153,21.3329550591,18.822348077,16.021549541,24.9032457461,24.823722695,25.8845266616,27.557417966,27.95892567188,28.601414169,30.879075226,31.1294640223,31.975181563,34.139325389,33.844500279,35.4283082524,31.036523183,31.023732362,32.017135098,38.000677984,35.138583073,41.2509954476,39.8371036534,42.3911821224,38.138558556,45.723408622,44.5054659384,47.6035918478,48.5225519745,48.8504243058,51.141306037,50.052046376,49.281262307,47.2964983158,54.9243188035001,55.31257621,50.22448538695,56.2424739455,58.1099055285,59.82562252,57.16888977921,56.289548933,59.0735804394,61.8884475517,64.1471488937,64.14282992085,66.5299228230299,67.3528856940001,65.2360265508,64.985577352,69.977045167,70.2158337409999,73.248075179,73.9701131062001,74.0731286602,74.3665834570599,76.2031553643,76.4040435168,79.7552141659999,73.150169718,81.1445690578001,77.9839594412,82.2289195200001,81.6189265424001,83.16413149537,79.0447543349999,83.385355325,85.466587171,87.8195902250001,83.3161906588,90.1570260339999,90.9343229796001,91.491028571
31.527655937,39.25020753,32.355532328,28.318640551,32.8461927887,29.5613114002,27.8648276544,24.4221423966,29.2421502565,25.94176594687,24.0558709551,23.578004707,21.8916843905,21.439183907,26.249015574,19.4559376071,14.981044057,23.4558897922,21.55726263,16.83361888,15.5638551624,13.5082403885,12.358664772,12.150371871,10000,18.483155366,8.93390785,13.361049352,14.2011657464,16.1820786264,13.8051076409,18.10292637312,15.0675427707,19.4075413454,19.931353066,21.7943740145,23.854272245,19.836794664,20.9135866576,31.103633136,27.34660932052,23.7581476212,21.9769425798,36.3236757454,23.682149803,25.38139557,38.85573653,30.2877655358,33.201517156,35.496631135,36.475191596,35.1012087396,39.17473402416,32.5560677964,38.0084681388,37.414551653,42.9637915329999,50.7743802,41.0787345697,51.10336376,47.603722414,47.5551769237999,42.0919171268,45.947199937,50.457199064,52.561642892,45.991067966,60.320969203,54.14543334127,51.975074711,53.6645725798,54.792148911,58.72125681269,59.564647286,60.7440931806,57.8381079374,55.8056191961,63.4022498398299,65.63228985098,72.175373828,66.547811338,69.220512962,65.001278688,66.232337078,64.492481567,64.6387193226,72.6407748898999,79.0902640040001,75.1661446177,81.3349779060001,72.1885524530001,77.6598787329999,71.3713462196,79.3652936344,77.098300742,78.6088349613999,82.12125749956,83.2679930610001,83.9960816520001,84.310197834,82.8601707099999,87.0855306978,94.349208938,89.7952034937999,96.3733853920001
41.593052807,28.86209522,37.4379013451,41.175864416,33.3869465256,34.6200822598,34.0082796482,34.9253791216,31.3900567373,30.90705251931,29.7539158464,24.5545453878,28.2976296587,22.6891690922,15.184730302,24.4196357593,26.10906773917,13.748942843,12.236572331,16.4973693654,18.3246590908,18.646083471,13.142466781,12.817687525,18.483155366,10000,17.648937496,14.702807191,18.245685935,14.160090623,20.628043363,16.86184137464,25.3327764808,22.3206808521,23.783230651,19.9357744435,25.2029423154,30.424465764,30.4938947674,19.34100303,29.51423212568,34.346752414,35.3972239096,23.7106570199,36.436563576,37.946761957,25.850157275,41.3334948282,35.216144404,33.824415193,35.586644553,41.7014348391,37.77118115812,45.3168404378999,44.3198955916,47.0041253564,40.796657854,37.01234134718,49.1596435952,40.7471226925,49.157704158,49.5088380108,54.769900859,54.5554274434,53.789564061,50.109818689,57.617443421,47.108959051,53.76486460908,60.046953353,63.9150921671,65.12030468,61.55255959,58.508797928,63.5463766228,66.3278827513,68.9873071645,65.4748668516599,66.653245282,59.993452375,69.3807508038,64.604274948,75.3064878800001,75.6651692039999,77.0794276890001,77.3692041309999,75.4445349943999,67.00020127848,76.5387134206999,69.186556728,84.307368761,76.4048626410001,85.009355923,83.3794762982001,87.357580484,86.1921513849002,83.3721418169901,81.909333559,88.059183865,89.7728336760001,92.7813997989999,86.7433003611,82.0835498412,92.2600645200001,83.8525608179
