10000,15.667598675854,11.280144017454,16.105821557946,9.00626844225398,19.061150338646,19.142972660586,13.360230665654,12.065338701254,14.213254191054,11.576475532027,23.921055100854,22.427810391254,19.381299016346,15.534165475946,16.169616069146,18.666870563294,22.335879734946,15.159129971146,16.838246283406,32.386654973202,26.3898804254,13.777913574014,20.875785191054,12.655427591054,20.644537205654,14.068014918346,11.709772909746,27.725266724546,18.985145248454,12.792650161746,23.313101307346,10.572149822654,22.142428239946,18.227976614254,18.146222311654,21.294209310254,21.218398365874,21.501173741534,13.191463089654,16.473121867346,15.054118618746,24.143114200866,21.492244231607,19.624185930854,11.944699318146,12.594775069054,21.421982857666,18.226004856067,10.707351828864,9.891055767254,14.704531160627,23.973845547994,8.850642461946,17.579653130654,15.323833059594,16.945452675746,17.306360475934,9.503410638827,12.382682676146,11.031560361346,20.903176613146,19.068172486054,11.10152424828,10.075284465654,19.919411046946,21.010547811454,25.222907237427,11.846768639854,15.683802790346,19.973898727254,8.876988137654,15.311867207946,19.852833413946,27.2607637346811,29.834622611054,26.529965787754,9.14437733194601,16.069351213454,30.636650623254,15.857472242946,18.404481511946,28.542067652454,11.346516826054,21.457944286854,13.748950641746,16.333053867454,16.284780256054,13.535420018346,20.472908150846,15.334082683346,14.456996363454,18.231205427254,15.024101408054,11.497937496646,24.993814864546,41.717011250046,9.97523288885401,12.630149309546,12.234835715254,10.232615478214,13.684970732454,20.986147220227,12.511518874454,34.097555591627,19.018394174146,23.685319868627,20.635993378194,12.621792197654,18.704150588542,12.499361973846,15.636635655546,11.316594232946,16.421438949854,22.005425351254,20.039378637254,11.556485576954,13.564832178746,34.776320022386,10.482516810226,17.512613471854,23.253893961454,22.145701462254,14.616730542294,19.044319178206,12.047433067854,19.313482056654,23.508393770126,17.085260906346,19.858568271634,29.873364660966,15.398496849814,19.130476918074,16.516830942406,10.098408789454,11.944545897662,17.943272911786,14.471216995746,11.273419860746,11.967807316546,10.588064283746,10.993723651646,18.107599435946,41.278944898654,10.761350362546,19.391124674746,28.541486012254,22.214367401346,9.38089555405398,14.429899221746,11.911684649786,21.214523488054,19.210093764766,24.478310721654,16.368072631946,8.686069735146,18.921866339546,15.645629823246,9.844926806454,15.712012198546,10.304829915307,18.863856370646,9.36431654214602,16.872144357109,11.866929611154,22.851596525054,23.552371135027,19.082462319346,14.937989012346,14.241474788146,11.322399772746,8.937656614454,31.875132537574,14.153047901654,17.049646704654
15.667598675854,10000,18.52580418,17.2128218592,17.109714203,17.1862051224,19.55455508516,12.1830676579,20.9708756124,16.1395139478,18.315830041,23.5246599346,18.9992262114,19.79796189,19.4349737752,21.8836342337,18.72030609844,20.6895510508,18.1899857821,23.55654109906,26.357134197172,20.3295466594,15.80555408244,17.598263672,15.7859310282,18.2977911018,16.4698775034,17.5103864846,22.456219216,20.911119086,18.0793403773,22.4188272152,16.8015454838,20.4271731522,16.6000993622,17.516284525,24.2373987905,21.57247435398,25.03043607762,19.3154745236,15.4489336192,14.2877150846,23.03782166236,17.89305950551,17.4646189112,16.5238447844,16.119633384,19.49796921728,18.12523180676,15.204300186682,16.254701375,20.5383597504,29.18738469733,15.8659590968,16.5874647343,17.02729795493,19.2171868082,17.60122973626,18.6729852886,20.3324973544,14.4837400812,21.97429504,21.9973584324,19.766482105774,16.8558007942,21.2467350992,16.0804953768,30.2131341161,16.582248268,19.033176802,27.3499498498,17.528340368,12.3011944984,18.2720706368,19.5966910274,23.9413395441,32.8576119662,18.5622255486,13.4486891776,26.65889444,14.4814833786,20.316508101,32.6786106174,14.4930294006,19.254656548,15.7091967674,12.4230915084,21.1560440662,16.4077955938,24.3312893678,19.0689868874,21.9076333898,18.2396357708,15.6848472524,18.8867683576,18.8573719742,37.2652419016,16.2076488846,15.2555121913,15.037218943,16.39837113682,13.664423136,16.3398896197,15.6274446367,25.62420164,15.6760158014,24.9262382568,18.39911399746,17.7790387588,17.438588691804,19.2026770735,15.4850235398,17.8799672182,18.945318006,21.0713494568,16.1631401916,18.0562230504,17.8062223022,30.92120935292,14.84907668172,17.7477237986,23.0545782932,15.2060182658,19.80751589176,17.82818269286,18.5741306201,17.0131524308,19.45156347679,21.0577063964,24.35572779869,19.09055962668,13.99666676264,15.09694131158,17.54982849366,15.3068136346,17.379415812192,15.96582758318,13.7684397762,17.0772002408,19.4847393514,12.6905844516,17.2312729438,20.577133667,43.852975511,18.6728377338,14.1587212335,34.092985091,30.5886330482,15.8500775174,13.982710099,19.15826135364,19.0644581395,21.28614157418,20.6787465894,15.0447053489,15.504073534,20.4180756218,16.3359316756,15.5628997836,16.7496664108,14.34766355032,15.9797870779,15.6980977456,15.64613348879,12.6215155148,27.5035286497,24.9227819362,20.6012925767,13.7695738094,18.2746016886,15.1654532232,16.89389579,34.27379383368,18.5600915894,19.5162656472
11.280144017454,18.52580418,10000,17.6737996338,9.05856402300001,25.4296161103,25.28397187576,13.3455582377,11.8266945442,12.5302546128,15.422050225,21.5334675792,25.573425708,26.5824519303,12.2499840968,17.4485727674,17.33247593756,27.3752394534,16.7191294703,16.40451153566,36.194893733372,29.8064996652,13.03511544956,21.601224038,17.9019902139,19.984656252,15.4946588124,12.7533628944,32.1821985242,19.18516029,17.5452202408,29.8448225978,15.3948954662,25.0970098478,21.6244108286,23.681274579,19.9987393654,28.42497978058,21.90943090132,8.64505753559999,19.0225057658,17.841811076,27.24092669252,21.30739588702,21.943804847,19.4628393074,13.851947058,20.87963765798,23.05732350624,11.652680918282,10.4370744909,19.4600275348,24.82065878706,12.3075167734,23.5270281921,15.05328459746,23.4481719139,22.89472694752,11.0471705976,11.4928088158,14.9290458218,28.0451187875,25.945935927,13.093876987774,11.0987153002,23.5632550163,22.1610837008,29.4415400982,10.28029171,15.0692182722,20.5228964708,10.7543068622,20.2589709833,25.6197676045,31.341646864,33.017472317,23.8496361009,11.4353256765,15.1584637734,36.5044361293,14.5420601268,24.8880821476,35.2543716165,14.9589140614,24.134959819,19.507439074,15.4524008086,19.6680372308,18.4415850204,19.4634974134,20.4246758754,14.0768900084,24.4873168252,20.1757857438,13.8263154779,23.60287757,43.7269078122,13.2380472966,15.6224804992,16.7910819776,13.54321704464,18.3768148346,22.5582419741,12.447688467,31.622637693,21.276327849,30.8508458134,24.9577472075,11.2780317616,24.618639841796,11.4284254053,14.8645197264,12.4715900998,22.5335953745,27.0941073934,21.5313730796,15.5732819004,19.8479512112,41.1218442153201,14.90587389168,24.2539380026,25.7082824556,24.6823861952,23.24107255056,23.79503048646,13.7556896917,25.7010100838,27.21229804558,24.418630946,19.42172037038,31.02403790888,18.18240878824,22.94057812378,14.57115858646,14.8515621988,10.181761042792,22.40593000816,19.2716517422,12.0223000613,10.942110925,16.5792939116,11.7180647842,26.328829886,48.0378812968,11.6436763374,22.8325641111,27.082195179,22.2135048598,15.1897783854,15.4009321136,11.11713066904,26.9685229412,26.39336418122,29.3456567904,21.431845689,12.4603428534,26.3502556374,21.7318522932,14.5891123164,20.9025547866,13.08190268572,19.1563379755,11.700863367,22.22999168239,18.037378399,29.0175064341,30.2897767332,21.2629722823,21.009361045,20.1317522008,13.2536076102,11.36970889,30.28461148488,19.2079750198,17.0800165812
16.105821557946,17.2128218592,17.6737996338,10000,16.8132370532,13.7103963297,25.29526712504,15.2135256022,23.390808561,12.0794826016,16.8857478632,28.707293379,22.4231335026,21.7811001858,12.5951816084,16.1625619532,15.61414531224,16.237650203,12.5036644872,20.85063143766,24.990644089256,17.569418346,15.79773850436,11.3380865648,18.1626996392,14.5246200686,10.03716901,14.8557612974,17.5352868556,17.1884363612,21.4998220422,18.126484691,21.0111919562,15.1412774472,11.7248178972,15.9987466586,24.050808043,20.30221770899,22.49189630188,19.024781847,13.1833181718,10.5205892452,19.49965287064,14.31445120378,12.198311245,15.124411576,17.1393810684,19.40016212512,20.55776342144,13.721774721918,16.2694462414,25.699424224,22.66411904174,13.9743121276,16.0772635842,11.18832089674,18.0808917784,13.90499580768,18.3786701336,22.025937236,11.1534043536,16.6690353708,28.2839793121,17.313258898487,13.5588103734,28.377260441,14.6420220892,32.3084399248,14.6124371498,18.3384927776,24.6244662201,16.572795266,17.4217392363,14.5967856619,22.1239577746,25.7006993466,31.1593926227,14.0143525838,17.9321150074,20.5540935636,15.5314347184,16.1245032038,37.848920052,18.2738387754,13.5008903152,14.4357521932,12.05791431,19.434982181,19.5321109118,27.2512258612,11.9429271544,17.620300702,15.8139702716,18.6871115342,11.4387427571,15.452331248,31.3229850757,16.3584352898,19.860566452,14.5303516878,10.30182469056,13.3786109897,13.67844544,10.807400377,26.0555576172,17.6347382952,20.3287210351,13.63019472774,15.3345096566,19.213983673796,17.8580166827,13.0104658474,17.237601447,16.0680262442,25.1617315558,16.0842511204,23.9700335037,19.8810097174,25.50516529429,15.89991597788,19.4495308374,31.1499311278,21.578932338,18.72285463684,15.73084606534,21.966872663,14.11740287,17.18240978448,20.4331328488,25.14360640298,21.66613415262,13.70409464616,14.68577179962,11.56560308934,15.3180565576,16.605968400008,13.37049327144,13.5974019454,13.3998072699,17.3942009502,17.5095820344,14.5350229558,18.958880243,43.3458759430001,17.9934633776,15.4114186628,33.5100652014,25.8445705532,16.7298755472,19.7349482176,17.06448215156,15.8882901026,19.52230848542,24.6745922692,12.874472892,14.8012382988,16.848535588,15.0530860093,20.983271771,14.8272539596,15.68537749008,20.8874370787,18.9874897112,16.05712159041,17.742435639,33.244403898,27.2857822464,17.6737384894,13.6997594908,17.5497735724,11.8589671264,15.3706131838,40.27146964092,22.6851414146,17.2782990496
9.00626844225398,17.109714203,9.05856402300001,16.8132370532,10000,21.9867279417,21.91262668024,14.446018366,11.4822252604,12.5841509982,12.93031217,21.9966422138,24.3597066046,24.0873362879,13.4564855017,15.1019668608,17.27988047524,24.806589212,16.3219232662,15.13937653286,35.033969550056,29.0858799118,12.36016690456,21.913036735,16.0251168958,20.7068723502,14.7546970376,10.8567664716,30.5680693708,19.180126699,13.837609149,26.0563701802,11.7409138542,23.3630897972,20.2094230628,21.6051509106,20.7555322357,24.30664004072,19.78114232972,10.4816361964,16.5716442633,16.822941305,23.95318642172,22.19886726658,21.284023961,15.379881088,12.559750273,22.98957003732,20.08699062624,11.790702459718,8.5868195502,16.1470945808,23.58309648434,9.98312126060001,19.9085580521,14.48244129654,18.8968968516,19.37026613048,8.88233796940001,10.5078882422,12.0143062254,24.000965707,21.6787274184,10.553238365226,9.3392352552,21.1759252367,21.241252287,26.2113918096,10.5526837765,15.2171714076,19.8636493708,9.1246466308,16.7560309878,22.5785694916,30.1549042966,31.821153251,24.4835419458,8.7912466848,17.4706739174,34.0700832466,15.0443340078,20.9458521246,31.8024353701,12.5419023274,23.428651243,17.071430661,16.273961082,17.7308016778,16.1706945335,19.7619931882,17.193440637,13.0665100026,21.8305738602,17.2492729402,11.8012929308,25.8116271212,43.3440149335,11.2549458846,13.008520072,13.4930219584,11.00342652286,16.3145324113,22.8079057598,12.0027663818,34.80509091,20.0936546615,26.5791504893,22.6949066795,10.1081929038,21.561388850796,9.75739364589999,14.4174000542,11.9961787452,19.032702746,23.7939046436,20.9914669203,12.8016362172,16.9997410582,38.23176055224,11.15243586868,20.8646360605,24.3505495182,24.4298868498,18.84602715316,20.77420668746,12.4655204774,22.4163931638,26.38926283498,20.8263809135,19.80289789998,32.17460205312,16.19743642224,22.16293659642,15.06003005826,12.5407832114,10.472884474792,19.67723789024,16.8920148008,11.1557174526,8.50294822600001,12.8217663762,10.5138152418,21.7644607396,44.3243858188,10.6934355656,20.4548138374,26.882872141,21.5135096126,11.4158580078,15.2928596769,10.57929108964,23.7314997951,22.10379117922,26.8497508412,18.8145535658,9.29022577740001,22.6952656068,17.9543964959,12.211670139,17.7060643839,10.69699337828,18.282709082,10.132211574,18.70680762319,14.2976036244,24.4895392084,26.693713347,19.0691141697,18.1649749761,16.680994693,10.5457686392,9.64644616939999,30.10011291682,16.8171617104,16.2227702518
19.061150338646,17.1862051224,25.4296161103,13.7103963297,21.9867279417,10000,19.08915856786,18.7123686903,20.9183179149,21.6362072133,21.1726979123,32.4954719455,24.3806684819,19.4331689331,20.4860532149,22.4253313203,28.21275930354,14.1747607469,16.0317170721,29.17354547916,25.030140764244,15.4336924784,22.02493394026,12.5127032953,14.8734051913,18.3838273433,15.2774771727,20.1501721563,15.5705689453,25.5428875963,19.9601272893,10.5699851991,18.8434899331,13.4352502411,13.6886770859,13.8134633393,31.8296442281,12.21679211528,29.91924792518,25.1910190949,17.1549382917,14.1620008689,23.46986916674,15.91697714353,13.5058550635,13.2749457229,21.9287226783,24.12084346898,16.36768540139,19.348869008182,21.1953870649,22.40404368155,29.48012442604,18.8807604351,13.08344718555,15.36070056024,15.593889992,7.70401928977999,19.36594577955,22.8687286251,15.1406122883,10.0229376545,24.2078387945,21.418517136674,18.3835272243,27.1598416737,22.8299672943,29.00810040395,20.2469954421,26.2559849041,32.2085840991,21.9092632185,16.8438192771,11.9864650009,16.64760055205,22.8917245533,40.8260015666,20.6742378869,23.2622289061,15.9416536433,23.3283764283,9.48532334549999,31.5207369091,18.2247532809,13.5477304825,13.5976527279,15.4817711507,28.7495482193,17.5097492299,32.4478214762,12.5291085171,22.1641893191,10.4400469011,15.7450261469,16.9974920843,17.9964330795,30.807123856,15.5415408331,23.2107505945,15.2293751565,15.95921252986,13.0571611788,14.72528430275,19.755658424,33.90534951795,17.6837696717,13.56191573455,9.88203041564,23.4104161911,14.456443608296,25.7772809358,19.9820033063,21.6152978201,14.0479615773,19.0568745379,19.9787888991,21.0460366221,18.8590843145,19.05334819266,19.90172424098,18.9285785503,31.2694451923,26.5120049161,16.20487215494,10.47272306584,25.3872964393,7.5958631853,13.23100763228,16.8175070679,31.26732005928,18.42753286588,12.36710530006,14.80266845652,24.09596739764,17.7927174023,22.487820839608,8.74677424054,12.7979301115,19.9165208789,25.9416413235,15.2566731525,18.7455429693,14.8970072469,33.6989942321,22.7858810518,14.2411717729,45.0796890907,33.7881253025,17.4039529803,23.4700470057,25.04490654294,9.3425054465,12.09332878032,22.6920051773,9.0441599202,16.7872965791,11.0388509345,10.7057159995,18.1781413359,12.6470327933,19.14290338627,19.0092162292,21.8821310163,11.80385434906,17.4013204596,27.5681359737,19.76901931065,21.2044557545,10.9297282873,13.4065241903,18.3367574405,19.8231634063,41.8650606011799,20.0229855845,24.7538838215
19.142972660586,19.55455508516,25.28397187576,25.29526712504,21.91262668024,19.08915856786,10000,19.02947873624,17.87106272984,27.15154013764,16.05352583808,27.23482028614,25.94483517384,24.68440259616,27.24823830144,26.25488850436,30.2562388116,25.71232102244,22.89854360704,29.1372321093,34.590801129416,28.04628842068,24.11115667232,25.79362909198,16.03676350664,26.27496342886,24.55957294104,17.69603810374,29.16270278974,27.8779192731601,13.47368312598,22.74145744688,15.04558684364,22.12074473604,23.11100512734,21.11271476664,28.52729163596,17.89737617418,29.59437137302,24.50425136316,25.57288170664,21.84390416156,31.67422411684,25.16291980498,23.62604930244,16.58310667376,19.91618165898,22.87164446848,16.506458637,20.980645562478,19.71132973904,14.30130843436,29.9837806832,21.74443348924,18.07622136438,26.89210397242,24.16135434684,17.56447305488,18.76043305394,20.57425975204,20.83030501856,20.76956231196,12.76928004056,23.694366838586,22.55381251244,18.00912311356,32.32279554874,26.34702499964,22.95828347684,26.79380389586,29.02872388116,19.94922631226,18.97394122016,22.49508752404,26.38675891254,29.29856814544,35.21183393856,21.47964519004,26.7552796754401,31.58683863024,25.19868565784,17.61772228468,18.08616468044,18.65030705436,24.72183700664,21.42214805656,21.11239849064,29.19730174174,13.81466696244,22.49640055236,19.03635164924,23.20762859114,18.01389258756,16.65286236936,23.73795307144,29.78302199244,45.73200755224,17.85913512396,18.66621470884,20.07753574624,20.13910137028,20.35309820256,25.80261389924,24.83208774944,44.06343964978,22.01449177564,22.46961239166,19.57338186394,22.65259180164,21.748793112564,26.91225564054,26.38842429444,22.82146407836,24.63726068864,21.01143760784,29.77846605576,17.20213383294,16.52748256604,31.67703438944,22.43109372056,22.76209474226,21.43243854596,31.51558330366,21.07795645028,18.4551289693,19.14588288224,19.63453012576,22.92402722838,18.96433752628,26.17861834526,29.75026131698,18.42874822964,24.02576243512,31.79971316998,20.24719986644,22.812340239968,18.10290183402,20.30805090148,25.50788760516,26.67549741424,17.40936167456,21.54474070216,22.01259451144,33.35387326766,19.21782154224,21.74657911604,34.94759013784,29.44357893696,16.08452847436,23.28697272324,25.97385238772,19.38050127704,16.48811620246,21.49093055724,17.44002310036,19.37923432284,18.93796977836,15.16081289956,14.61521392954,17.36414409104,19.58322435744,18.03792291624,17.83427590016,17.06990482067,20.23257325604,14.12354121924,14.58201071656,27.79474293744,17.69779273984,20.52254504456,23.81730436204,20.58507248436,30.96603202652,14.59579547076,27.37899871364
13.360230665654,12.1830676579,13.3455582377,15.2135256022,14.446018366,18.7123686903,19.02947873624,10000,18.0539817692,12.3115859322,13.8891723696,20.9304528574,20.8175494724,21.0776163004,16.5747037972,18.5584255923,15.43401233416,21.2712452131,14.3037589768,19.58928341346,28.249002016656,21.4464553518,12.51862663644,18.0300703003,13.7716633484,17.6661243982,12.4820654572,11.2998410158,24.591673333,15.7223998243,14.9333462213,22.8807663392,15.6232370338,18.6383030266,16.6687924976,17.4298776132,17.6127493452,20.29590476522,22.54427530522,14.1681198534,16.3618151543,12.5677229826,23.99986017856,17.64864486932,15.9005662408,14.84650985,13.4048222046,16.31107181132,16.96663769976,12.572756915118,12.6921587218,19.0220940275,23.20041305726,12.785715915,16.4886949191,14.97037894866,19.8817015168,17.07685760142,16.6508882826,18.0863092346,12.3565469381,21.5138874377,20.5258194483,16.505687900626,14.2471162434,19.9000343592,18.4607468328,27.1995369994,13.8873540946,15.3705684583,23.0505461731,13.2693144536,12.8441675765,19.3033249336,21.4950507544,23.6402260232,27.8519939635,14.8370065128,13.503920299,28.9325801158,11.7991807624,19.41666087,29.7819571028,13.9029769943,18.7797573506,16.5225536089,12.3219602676,20.5350885192,13.8758997892,19.4185055162,15.9542614662,16.3942606262,17.7704903201,16.7716195374,13.4557561322,19.2890593794,39.1036292992,15.9250237553,14.8577065364,15.1656296234,13.33255295324,15.0314011174,16.5127546456,10.9298672008,27.0122551374,14.6135373086,24.2008770741,19.91097566906,12.7699973682,18.050087628404,15.8065694311,13.5880829548,14.8520267095,19.6964587571,20.473433707,15.0857934338,16.836813523,15.3497313088,32.03260653104,15.21607350432,18.9593898194,22.1781082648,19.7084869125,18.26261295836,17.97454778836,16.3144851044,18.7135365642,21.21513998162,19.2304260676,19.11601229502,21.79708705752,12.62527805794,16.08215098738,14.96042892153,13.210938273,15.180942686792,15.74549552076,14.9487163328,16.3438475732,15.58654795,12.1376690988,13.4130180324,19.8301920982,40.0377306879,14.3133192772,14.488977467,27.1964565516,23.766955751,14.0590245805,12.5156035364,15.01677300754,19.5693343946,20.19460390378,20.9062909888,14.9171489585,14.9508002174,19.6393512656,16.0980849702,14.720113057,15.0448940792,11.47260426968,16.7852654135,13.6723152779,15.59911640519,12.5293097918,25.4346382037,22.8163059247,20.0667684614,14.2399693087,18.2358537406,13.0994443968,13.8199761839,32.06166074712,15.3329785333,17.5331670724
12.065338701254,20.9708756124,11.8266945442,23.390808561,11.4822252604,20.9183179149,17.87106272984,18.0539817692,10000,17.9149414136,14.9612693684,21.219123775,29.649561619,21.985840833,18.2453477139,16.760947083,19.82219554276,25.8147835198,19.6276857799,16.40635864106,37.587661915756,29.6061329438,17.54193201584,24.3572951908,15.3721968196,24.2761420274,19.8421561058,14.6726631346,32.4017086933,22.1258722942,15.740669103,24.9198285511,13.9404963546,25.2279353176,23.5924437712,21.9142286358,24.5018646418,21.35194022782,19.13770533122,13.3596619194,20.1738963818,19.3549774238,24.66347506536,22.74918690162,26.3502436902,17.4210638908,16.4768416438,28.75145218412,20.34603284116,16.125370713218,13.4543569952,18.0749117384,25.94492919846,15.330676448,19.7267538901,20.82657784986,25.4985799948,18.61324048432,10.2221154646,10.2565072932,16.6642914968,21.8580913989,19.6844932946,14.497573704826,13.8531958696,21.5979110851,25.6443267814,27.243472317,15.0443798882,19.1884674188,18.6919480868,12.3831359948,20.235981334,23.4814862995,30.1286869004,33.2247624404,23.8323530482,12.8193869384,20.4359393214,32.6471487668,19.4229365374,18.7092572967,26.0261313426,16.6623091063,27.799856693,19.9615431986,20.0540882648,19.2882557332,16.735399662,20.5980900416,20.267242301,16.403844282,19.0668841578,20.5674256514,16.4498806382,26.6905944263,42.2721661920001,12.2668540884,15.660285939,16.2341157295,15.80485233464,20.267051637,23.1384443546,15.761155253,39.7070349998,22.6747631744,23.90192445,22.11336161706,13.8448530811,23.794904376004,14.6690328727,19.7498111589,15.9764486922,24.496595112,24.6024484322,26.884970949,14.51410091,16.4593188982,35.48087698144,15.09616724512,20.216148117,26.5939563464,30.1543710084,21.26100941316,19.92135584866,15.3087642482,21.7827399832,25.69382371152,22.6548108684,19.06598292882,33.45769962542,18.76278140084,24.54317376158,19.84159908086,17.573005225,13.405402929392,19.87495822236,17.9121082828,15.914388437,14.6018201226,15.8754319464,15.0115845988,22.058093355,40.0697223322,13.7926433584,22.4996166742,25.3946463218,21.32100863,16.350893733,18.424164501,12.47966523964,22.8517852688,18.07277163258,24.8392847638,19.4376566984,12.3553229904,19.1957908574,16.3680731966,13.348250377,18.799309713,13.38031037288,18.7427788437,13.3384111936,18.07358891779,18.6080895268,24.0373591444,22.3083363448,22.5980811094,17.7494459478,20.959429499,16.6626534472,11.7672186918,25.84713790992,16.2908040848,18.0455371786
14.213254191054,16.1395139478,12.5302546128,12.0794826016,12.5841509982,21.6362072133,27.15154013764,12.3115859322,17.9149414136,10000,16.8776827752,23.5804789636,26.7755618978,22.9596108587,12.0359196726,15.729450154,12.63839721344,21.6964427108,13.1094440004,15.48901009486,30.539781537756,26.022561875,13.51143643476,15.4482965438,18.053748881,15.059138718,12.2192771274,12.4308465524,25.496676467,19.8518184728,20.0737114032,25.57825319,18.1837975936,20.432936035,15.6656405242,20.8784580594,22.0225182378,26.49319038662,21.29572418892,13.5984909026,14.6436331548,14.4328114838,22.98319233292,15.85020580338,16.9813471218,19.7831752992,18.4873199974,20.57299874922,21.42266895244,12.536825377918,13.1639557774,21.7985893926,24.34568378954,12.1510735858,21.6600679469,12.40844156674,21.0638686458,20.38105973148,14.0951409402,17.1495383384,11.137066055,25.2821741684,27.8495923843,12.619752567026,12.528296944,26.7958961371,17.8185666022,30.9034999858,13.104862895,15.6741384018,22.192589109,13.575323005,17.026304205,19.4419242918,27.5828655874,29.5878449822,26.589633079,11.8687280384,13.8298020438,30.6335771194,10.836908747,23.7260619264,37.928992487,15.6552360206,17.7896051624,18.3693129928,9.5317710658,18.6384999366,18.371054442,21.7729619814,17.3211728182,16.4167485628,22.4813206446001,20.623326417,11.357157978,16.2418611514,38.5228572653,15.2444298738,15.8255958558,15.8463508292,13.20986653176,15.4074104795,15.3814086456,9.5217714986,27.0133802538,17.470328459,28.5404472751,21.9116936117,10.709670597,22.796975120596,13.4153183061,10.9703356608,12.677556655,19.6002388638,24.4856909454,16.0119986272,19.0657642766,20.0427703064,36.43252544244,13.56239063588,25.0518637017,28.3382161107,19.7002723696,21.54187794136,22.36135612786,21.9890799342,21.8788631206,23.55065883618,24.0562895584,21.35984161918,27.03243432892,15.70353870944,20.64459184162,11.27243479906,14.4853468882,13.728117098992,20.09908924144,17.5935174806,14.1586293918,13.6213842342,17.3082336464,13.1633664123,22.7690427114,48.9234369892,14.1257129308,20.3991260186,28.9307741722,23.834014994,17.0448246977,16.5548018378,12.59315677784,23.8632164004,26.15154094242,27.86647555,18.415400988,14.0477594656,23.8238167026,20.5741020871,20.0219908894,17.8526201378,13.14166133508,21.4645316303,15.2441322807,20.96060466499,18.0829907806,29.7105945306,30.8559693012,22.8851354916,18.085640086,21.2733131152,11.3365035054,13.5516701268,34.6067370217199,20.8435851884,14.299143896
11.576475532027,18.315830041,15.422050225,16.8857478632,12.93031217,21.1726979123,16.05352583808,13.8891723696,14.9612693684,16.8776827752,10000,22.260138782,22.5581418258,20.1868374134,18.1578775612,15.333358787,18.54247181556,22.977402526,16.9966537614,18.34700216586,29.768894378772,26.8424227812,17.10697444544,23.658263496,12.8697647022,24.4414484713,17.0052381612,10.7669520968,26.9789564456,15.907402373,8.71149392930001,23.3748827062,10.2055869412,19.7271900365,18.5474902176,19.0842140096,19.2895755486,20.65126960599,19.4504798542,14.998982922,20.1860364882,17.019699323,22.37611784708,22.11971517602,20.054179934,11.819661017,12.275902718,21.77892927204,16.49945529776,12.910488804041,13.380926909,12.1312470928,20.78028065406,12.9124586546,16.7219188921,19.80199416456,17.4692325622,19.15508559992,14.1658856166,14.2754431348,13.7691428699,21.500261533,16.6957311087,15.347491218487,12.3569939952,14.0240646648,22.3535340238,23.8625046734,13.632711834,17.3681628294,16.8459229704,12.184096519,16.975382412,20.2141433086,26.8287041134,28.0940469672,24.1739306892,12.7347993506,20.5025127324,33.2973915876,17.6486672168,18.0469666796,23.4531224369,12.8295677414,20.753983419,16.210584162,19.459497358,18.2973683819,12.0667379606,20.0715704818,13.5748076366,15.1542271541,19.1188914282,12.8372233566,13.1352096972,28.6459754094,45.1512969701999,13.5521303326,13.2663942419,17.9844020054,12.81504347164,16.6483037034,23.6253504366,13.5751644668,36.211125569,19.61495742,23.1537262678,22.55359644017,12.713909996,18.159279841604,17.1655559947,20.0235382616,14.5313437019,17.035725503,20.4827529826,22.5682977586,14.2135186004,13.0092992998,34.0069783579599,14.83272391832,16.5448819438,23.2524018688,26.7575214346,15.56544143918,18.40815578354,12.3553927504,20.7856571468,25.53245830782,17.145963082,16.83040094262,31.44840492429,17.51746028364,20.49904632278,17.29728836033,13.3924589794,15.935657382208,18.78618011076,19.4559149528,15.2613239854,16.808625504,13.1345022648,12.8917498773,18.1877826356,37.0287644781,10.4512071876,19.8140769934,23.803132542,18.5463771656,9.45974699379999,17.4820704633,15.27815379036,21.7221842873,17.60834265278,20.1888566032,17.0039537812,13.1607435734,19.5472471298,15.847840501,11.0046372924,16.6816745086,13.14338618016,19.9273531945,11.205679737,17.87111374301,14.7454054618,21.1527493288,20.624771065,17.9833673338,15.9805195292,16.220214028,13.5984385498,12.490741186,27.33264065774,12.1453672874,18.7653857368
23.921055100854,23.5246599346,21.5334675792,28.707293379,21.9966422138,32.4954719455,27.23482028614,20.9304528574,21.219123775,23.5804789636,22.260138782,10000,19.1496252644,32.535739996,27.3938063806,17.1390120508,21.52818411224,33.8229531134,28.580949085,23.11712674126,41.220595699856,33.6960598362,25.01362169056,32.0119910058,26.9417586546,30.8071894554,27.2403643008,19.7927740978,35.051193061,15.4272476496,24.5220190894,36.7791269396,23.8337952158,29.1959518164,31.3755608698,30.4267345822,15.8722392496,33.38026385142,12.50276975582,22.4123156582,27.3861859719,24.0850794196,21.81694784052,31.26766084138,28.8515145878,24.5243534,21.2518969276,18.52795686212,27.86333268024,24.858808577118,23.556589816,23.5080183132,20.87197121774,24.7978600238,27.2658923579,31.27699268494,32.8748090953,30.85424631228,21.1947031896,21.7241684855,23.5813442488,34.7814173086,26.4771080658,24.124387888226,24.805996863,19.5397409479,25.1789135488,35.5430560755999,24.9545274306,11.5609542676,18.9281428858,23.3329167338,22.5088178178,30.3171551864,34.3126125892,32.6010256548,15.9738053402,22.9268667416,24.5975497682,42.4940089216,24.6694612666,31.1064486072,33.603148333,24.1089871248,32.6504695456,29.4322635226,26.0947050256,27.322579932,25.1219342218,11.0184515966,26.5245207604,26.705340626,30.913118898,28.9858765212,24.3757135238,36.1145637036,45.5603292866,23.020720447,24.2579884784,28.1501464604,25.43897942436,27.8044513763,32.5344369672,22.1296667814,34.3007285356,24.6942126216,37.1167200051,32.0381413349,21.1758401118,25.870322276396,23.9635541937,27.08249777,23.8261721038,33.9414499902,34.3607728072,28.914686006,25.653580037,25.1932768722,46.72933824564,26.37688040948,24.8342307766001,17.2427881442,33.132370179,30.12926375356,31.70307687306,23.823484198,32.550863644,34.57482660018,29.734782781,12.85266773538,33.09341061472,23.68595351624,23.46951420642,23.37134439006,25.9432699724,26.296391498192,29.58330031264,27.5970636454,29.4876019106,24.8908150968,22.5538304606,25.343287063,32.2465399276,52.8131039344,21.7168667044,21.3891001632,17.877136099,19.5845223432,25.1213087854,22.3094872302,22.28915770244,32.9965151673999,31.58063081422,25.7820526548,28.0456370968,24.9357066082,32.7677974594,28.7750524192,23.7183509952,26.1772995156,22.37081558868,26.5819071925,22.637299454,28.30217766339,21.1773854338,21.0989960708,29.3331913794,29.1738633224,26.6632374951,31.526896129,24.148778398,23.1553656134,18.41178792292,23.9842473826,24.0172626156
22.427810391254,18.9992262114,25.573425708,22.4231335026,24.3597066046,24.3806684819,25.94483517384,20.8175494724,29.649561619,26.7755618978,22.5581418258,19.1496252644,10000,25.252251547,28.2984495596,20.949371602,25.83440733844,25.2179520936,25.6867611804,33.67867848886,28.898595570756,26.1390539858,21.09760310604,24.3152569292,23.4826921878,26.1701762861,20.73312417,24.2763577564,26.6789921462,12.409218337,24.0899944077,29.278606963,24.8367084628,24.9348970714,23.2456657646,22.063729606,18.6452565204,29.04222286762,21.5592492540201,26.3293067696,24.3185110278,20.1723317582,17.15039691316,25.59497709451,21.8300218536,18.4485133516,16.892907588,11.85065215232,24.30007259716,22.472207951318,23.3949937844,24.7173999058,20.99950924473,22.502701034,20.3642488663,23.36764428233,23.9757578564,24.27187906406,25.3965966204,27.9145975232,19.5689527932,28.002549499,30.7682955954,27.680889478026,22.7823562048,20.7552967554,18.5900075702,38.8619232374,23.634483922,14.4932974558,23.6544921116,25.0852490626,19.029481892,24.7095893216,25.6620039312,27.5473274016,29.0506608558,23.717877408,24.2165049836,31.2828592674,27.1288399534,27.8697432108,38.8513173288,20.3976199516,25.143879192,20.7382215134,23.9209718748,25.7836912574,22.131875318,17.8510207836,19.3008276464,26.8752395924,25.294243776,21.2736169748,23.255722539,29.0749178483,36.3552175358,21.4015545726,24.6416745664,24.1458115264,20.89250348302,20.757386197,25.7108855036,22.9071889846,30.056297046,21.2189577422,31.7053805432,23.82497336986,27.8279176178,18.493523121004,27.3038186887,24.9089746946,24.7539319932,22.971772596,30.5407528684,24.4353162172,25.0027744834,22.7152629806,36.64305024844,22.29174191012,18.0127945576,14.1959799694,26.7121426568,24.98936440336,25.22273929866,22.6977580216,24.3187061384,25.47541973742,26.2205792722,20.57711780442,24.87161344562,19.71486967984,14.34659990458,26.28968804566,22.0190273912,24.167966887192,21.96955615858,21.0303130942,23.5280962232,26.957967949,18.8981315112,23.286254832,24.6873532802,50.4584379544,25.1915591218,12.7928039718,30.281884386,25.15800803,22.2980080758,19.3194260558,28.35627721804,25.2530561857,28.59947795258,20.220621246,23.2258803013,22.4363330644,27.1011417042,24.4507736124,22.7156621686,23.3732522606,23.92810595008,25.3109531839,22.801039494,24.05771414519,15.9634590262,23.9574001924,25.1854396812,19.9254620932,21.569660267,22.9664808946,22.1855803102,24.4113629194,32.41341668432,26.6598597144001,27.0492640778
19.381299016346,19.79796189,26.5824519303,21.7811001858,24.0873362879,19.4331689331,24.68440259616,21.0776163004,21.985840833,22.9596108587,20.1868374134,32.535739996,25.252251547,10000,25.3722386592,21.7167793736,23.70685418258,16.8402868882,17.8945571862,28.56357917046,20.765952887344,26.5878105744,21.81992183474,17.9333504316,16.1607716586,17.4453518444,20.8913784389,23.6364117057,20.6088831189,23.1674713784,20.1718696387,22.9022601093,23.5851355554,19.4349095258,16.400272418,18.7970005602,29.428546649,22.81216745538,26.18706063818,27.2267868509,17.8509384446,20.2639336194,22.61072765088,13.88835698931,21.4275762084,18.4674556344,20.2852313374,29.85531012088,16.65394577316,22.687508908082,22.9570464212,27.2589634002,25.71522016396,20.3539794306,19.0400061101,21.43795664333,22.5907423118,19.46958472666,21.9189668662,24.4177840208,19.4140296464,20.8033115577,26.4484999484,21.535514069274,22.8224280398,26.725557308,23.1678736606,34.9065056134,24.5687233866,28.9916692644,25.0285834796,22.4425463214,19.7218641034,14.6829034538,21.937936862,26.3238490847,33.2765354698,22.23224798,25.0542244215,25.8834592673,23.3505656306,20.138590196,32.5585280572,21.3686362052,19.1633631744,16.7230710324,19.6846653598,17.3930968808,18.8416814198,34.3143791594,17.7304659868,21.2453844812,20.4852078999,19.4419185508,23.5160109866,17.782595034,29.3301873094,20.033331185,19.9242371634,21.0651672205,20.54280224222,19.0935428586,13.823608002,24.2410791385,38.3559563814001,23.3958648374,24.1785646146,21.3410711621,25.1065760684,22.908846943204,26.1837512127,22.7503085442,24.5025350032,22.5845479544,19.358027062,24.3174875554,19.7024950748,16.3180833502,30.40878706656,17.09761692372,18.8124592802,33.0310578878,19.8186457982,21.49671284184,21.43689146814,23.5884423272,20.3919076212,23.44365992342,24.6628426816,28.60979996442,26.00450414698,17.17770734636,20.87746242979,26.27927283614,17.3778733854,24.612360012808,20.06705378818,19.2176334595,20.7604908738,26.5860509074,19.4572930169,21.9797223776,17.2820701408,42.6778987153999,24.3004835258,20.1318456,36.2936487473,27.194530631,20.838234956,20.990569769,22.76839527996,21.6971646111,22.30939201018,16.8441920982,19.9012542947,20.052542158,20.2484892568,19.4118531076,21.2669220933,16.585085794,22.34995720372,23.5165715579,20.5130920434,17.75339045021,20.1476515152,31.9164803141,26.9755499796,19.4526550747,20.1243140988,20.9616943386,22.0539006172,21.4118440906,33.44255740328,20.3619583948,20.9084764906
15.534165475946,19.4349737752,12.2499840968,12.5951816084,13.4564855017,20.4860532149,27.24823830144,16.5747037972,18.2453477139,12.0359196726,18.1578775612,27.3938063806,28.2984495596,25.3722386592,10000,17.1274438354,17.59047853264,21.4089635786,14.384702767,17.79939664506,33.921228358056,25.40129147,14.87130532984,16.0808387778,20.4541276594,16.8529971032,14.064801563,14.1733607404,26.5652748188,22.6985924778,21.770129383,24.9137720151,19.0224933378,21.2652585713,18.7477120046,19.9578804651,22.9360351664,26.44158521522,23.06700603768,13.4063129288,16.9463341972,14.9596539654,24.67098283328,18.43108122678,18.0012882762,18.9768131354,20.6219015414,22.74111333012,23.58077617996,13.805592198718,13.403555216,24.417835246,25.51740212294,14.4959954312,20.4829719013,11.35980728694,20.7938649416,19.90595426928,14.4861485436,15.6660525434,13.380415718,22.7089499831,29.032273332,14.079616435426,10.999535017,28.933707359,20.7556263694,32.6912111391,12.1061610142,18.1423144906,25.0745951788,14.4116481014,18.6589259378,20.96090688,29.1400001334,31.4999801086,28.96290872,11.9508415646,16.2440512244,29.4181931662,14.277529388,21.8719653754,38.0736156534,18.6401956574,19.2322370052,18.5967809088,13.1216360564,23.0857743844,20.3852458124,24.0574700486,17.2022838462,13.717519656,22.6209666708,21.7297714916,9.91999427039999,19.7709325002,37.6425006381,16.6878531582,18.881976395,13.6260815819,12.56433092256,15.6871992724,18.835661801,12.0593679374,28.8562232474,19.1960359002,26.8853665309,20.6039840627,12.962608527,21.883449793004,12.2795287543,13.4885761928,13.7663555626,19.4155677242,27.8170275536,19.4939230427,23.4674947038,21.469532108,34.0784427696801,16.40347031952,24.4997472372,31.6718898196,25.5094231246,20.23115846844,21.04140633434,19.7309254118,20.695454092,22.63009757082,23.2463255274,24.15731552302,28.28106717682,16.82884046816,19.56421096332,14.16842483074,17.4636377178,13.712983838008,18.94901351904,17.4822856146,12.146606676,11.4816708552,18.1299965028,11.3677707896,22.8757998978,49.201148112,13.1417936306,21.0380875238,31.5799172672,26.193194574,17.01493081,22.3896479648,14.69674323416,22.357937848,24.08669254298,31.221070265,17.8948914278,12.8407764836,21.7632614254,19.6714091021,20.6165959841,17.5966783816,14.77869935068,21.7127233257,18.0693541958,19.45736321541,18.8503126122,32.811330182,31.6966197576,20.3767602889,18.3154585634,20.383084476,10.349111926,15.2159039008,34.49915684592,22.492236369,17.6619214094
16.169616069146,21.8836342337,17.4485727674,16.1625619532,15.1019668608,22.4253313203,26.25488850436,18.5584255923,16.760947083,15.729450154,15.333358787,17.1390120508,20.949371602,21.7167793736,17.1274438354,10000,16.97317795096,21.90215165,15.9922926032,18.62243992306,30.060154933572,26.3821763656,18.32234234096,18.973881047,21.3274519878,20.140977135,16.1692554696,17.0489698673,24.9865024206,12.8458668858,20.2104343531,26.727157958,19.4343117323,22.3062550906,21.0521496624,24.4429059155,17.2778750384,27.04327925498,12.63588126038,18.5403130164,18.0382005102,18.0068685638,13.27642777904,18.80240204402,20.2307846462,19.0328180474,14.5870983131,21.55231978848,24.84071951824,16.978692485082,17.5298692872,21.9640306808,17.36111852246,16.5199042236,23.148172424,18.30640078286,23.8265490354,21.86092969712,16.4770579164,19.2741119412,15.4626009158,24.5974404602,27.0934400766,16.263899083374,16.373407852,18.9896241371,15.545470895,32.0229388892,18.5152281672,12.3935935556,14.8874391636,17.6984726798,21.9490730868,20.2248837194,30.6719483228,29.5992210276,17.652408788,15.0405348611,22.6638058914,31.1964544504,18.8110387132,23.2319814594,35.3729542304001,18.304855985,22.3067900314,21.4122622798,19.6255115072,18.6781482352,21.9457633438,19.5005201238,15.8882563914,15.1726467367,23.7379130201,21.0697043982,14.5226317338,22.4617685776,32.2900849223,17.4302321127,20.5997935466,20.1445491088,15.64768260364,20.462742846,21.5940366814,15.099450317,30.2475614248,25.453518974,28.2142149223,23.70956496914,16.041372256,25.137636731196,17.3226201359,17.8088678086,15.541490424,21.9811398791,29.2054523528,24.5102490353,20.5882318214,22.3258556702,36.11090244096,16.63821342768,21.5984405819,23.8139755878,26.0820376534,25.86691001984,23.42304141774,19.772437881,23.7055491672,26.13572411758,25.4816548502,13.45654372878,29.03077773918,18.68888524556,20.38191405848,15.42420352154,18.3174581194,19.305270240408,22.54591006118,21.5280835276,17.2039022416,18.156407889,19.723693826,16.78960514,24.5660961494,47.2041570631,17.0912576576,21.0451366734,20.4259653344,15.6781786386,19.033434807,18.5437501226,14.91571049996,24.8161269208,26.00020034822,23.542547792,20.6444935776,15.7805469966,24.0124650762,21.2371559562,20.7006020774,21.9543183115,17.03993240592,24.9058846408,16.792818284,22.64939713961,20.666465698,28.7399446989,30.1450121128,17.2767662083,20.8951888582,24.0747810560001,15.1598605616,16.0517023998,22.11220773298,22.7817584092,16.7392999488
