10000,32.887503208854,15.917577067454,42.549621261546,9.05692084225398,33.785008938646,142.166323197586,30.645408145654,14.533613371254,20.863893691054,97.827635530627,68.920218474454,56.7489767212541,92.994430951746,41.667738555946,30.544891439146,31.254381233294,37.723740834946,78.1331257811461,21.426440859406,95.7492083907099,268.534107625746,27.9437083540141,42.032857251054,36.794998105054,43.336341275654,20.991045258346,34.2470149203461,234.099010122946,91.8712005984539,19.303323831746,34.765402387346,11.356290362654,87.0601119293461,31.513003984254,33.288913815654,91.8134969372539,39.075916225874,44.021135461534,41.5806288996541,37.459929907346,39.808048200746,53.4767788208659,92.9713456820471,152.766874352346,22.641414928146,30.648395289054,66.4078948156661,47.641389313614,14.263407328864,10.564229077254,31.564569970627,159.241327942194,14.017223059946,27.872588480654,23.600308149594,41.561424103546,34.144725205934,10.823516608827,13.659891816146,16.722730771346,33.023116913146,36.787457903054,14.67560394828,10.607388485654,167.026172849946,46.130235151454,67.860374034227,14.491935839854,33.177381190346,158.130218971254,8.876988137654,27.468466187946,148.131631017946,54.631411604681,175.624990680546,84.000841710654,9.14437733194601,39.341328633454,137.230532435654,36.984361062946,25.387242531946,63.5443904524541,16.774626666054,137.222558320854,26.857248171746,26.939010177454,32.762043302054,16.456364438346,93.7228126908462,36.564455523346,69.9235740140541,99.9039768382539,30.404243758054,56.538991248246,68.578254427254,149.081646449246,16.587170138854,14.271778279546,27.743487047254,13.531064578214,38.458501482454,87.782129891027,20.283709014454,208.510756535546,38.512004084146,35.8054946286269,32.636062018194,24.801217787254,25.663650268542,15.723637523846,22.856015935546,16.562441612946,26.494769839854,91.5608698072541,83.096328585146,14.053885756954,17.804102738746,216.169602152666,11.979927970226,44.029873129454,74.226918161454,94.036789437054,60.837862742694,28.300420678206,28.482687667854,33.147692376654,36.047141156126,79.908027252746,111.221283532034,292.872702999926,34.573331929814,40.381272368074,35.490690922406,12.254229279454,12.819791897662,28.897523471786,69.500272496346,26.154419260746,12.234633446546,15.734709443746,26.532872842346,120.218995891946,336.563380229346,12.098395962546,40.464187937746,73.495502792254,118.758397261346,10.208643334054,44.088985381746,16.052965259786,31.998908118054,39.468033074766,69.7950138686541,24.083176395946,8.877892835146,89.342079727546,31.625387603246,10.484616106454,70.394711279746,11.930951755307,87.3787088002461,10.006393942146,104.882402429726,22.187690265154,56.8004256450541,48.803053792027,37.134077098346,66.7957359989459,57.574528175946,17.234401802746,10.164973114454,154.448523768574,64.917103411654,25.826437274654
32.887503208854,10000,46.4457959515,25.7672563692,47.0537796982001,48.1866566724,76.76054961454,19.9805985379,36.0208440424,37.034573597,41.6207045163,50.1103561306,27.6558419114,170.9362417474,32.6656828062,36.4382928107,35.81026408844,45.5562112945001,168.9883782194,64.07566881736,30.0591631271721,382.40045784,33.87079343674,39.762427892,26.1393352315,109.2584356848,37.8693977069,26.2822229446,343.3686671972,31.223623729,25.8106997473,55.7048781994,27.6354315738,218.8946341426,34.9305882911,66.3843922746,54.9711459388,82.64886214898,52.59884585702,105.07115856,113.9968691865,125.6523186048,36.07781782336,176.33869089702,259.2297611987,20.9782725144,20.258314484,23.80454145728,31.68353401576,42.154262834582,87.7027923891,33.1839969904001,85.15973489463,26.5303033541,72.3806266887999,25.56471172346,28.8484801535,51.09961930366,39.6951660466,45.7887458362,32.4727256665,55.20504576,82.9358203999,46.3526715249739,63.0811736743999,82.2596782525,18.8005403868,97.3178478564,58.3037247236,29.6585924406,82.65158011,72.4081047151,14.1859437184,264.0270738162,69.9723066461,303.3819744738,83.9759928588001,35.2776145596,34.1918001376,58.0884486998,92.9288450879,58.7965053021,96.9600206474,46.7548913118,224.7168367148,19.3121781954,38.2927553661,91.4297032765,52.6479301568,40.7636597708,26.2414160774,48.8874472871,45.2138964018,94.7589325931,24.7154689376,40.7692023012,88.8566281316,61.9027937509001,27.7354557754,41.060909618,38.6647415654,33.785556846,164.7895943338,23.0497018537,315.1107538768,31.3583783324,52.9980528768,44.6264004109,42.6046649482,99.7317666935961,50.9242824167,38.4359771308,73.5843198994001,101.7439390482,35.8310294921,193.7621174884,56.5353074105,42.4196508784,318.30364685612,28.33396239772,122.9854637447,104.6869622491,141.3282318996,29.64467885106,55.9865001558599,28.8181284101,53.7463782422001,60.37486070519,201.3793855388,57.0406885729901,391.87934657018,103.09596895894,18.92925800158,29.68855848786,26.0877090396,34.785890752192,38.82083166318,34.0638291902,34.4127178315,49.5669614954,14.9242143516,130.6145602241,219.9290270672,446.724345943,27.9169428238,19.8222448235,104.153225393,79.4407253995,29.8564674474,16.913497499,45.72400486764,47.8345260874,88.36340117068,27.1808431394,39.3366980789,25.151005134,48.2186225142,49.0977856506,37.9508664868,168.1694399374,29.46033348932,50.2302235802,27.5886814456,207.36078792038,19.4588064518,63.9971045637,67.6932808762,103.0260776917,37.3441071344,27.5549975649,96.9165114815,41.3293473136,111.52981804398,35.7727020397,54.085486444
15.917577067454,46.4457959515,10000,36.2796665978,14.105697803,63.9251448023,159.19360757084,28.2513296464,15.7813028642,16.8182638228,112.476391876,38.7793540692,46.680618278,88.5360676243,16.8925458968,24.6135745474,34.68138466224,41.5171975934001,69.4256526353,22.98781781166,93.479286619772,263.8359062692,14.29788974956,39.848888278,59.5773708019,42.1328677919999,23.3297232824,42.2016926254,222.9036683144,89.553407326,46.994514092,57.8194680078,16.0858494962,98.8090637568,37.0327983286,47.502947939,79.1432868026,71.10459122058,27.87769908132,14.3728144356,34.8469305158001,33.835034216,43.28918218252,80.3777993120201,143.7022266828,32.9898057474,16.817586868,65.5424039138199,57.36211111224,14.983159448282,25.3863174409,36.5585929952,157.91714941134,44.1719087064001,39.3762475421,19.63379186746,70.166197293,64.38673537948,15.9414481276,18.2963653458,18.0184511918,75.5057345158999,59.17664795,22.448820757774,14.8587168102,167.6437443327,27.4754364008,78.9108018822001,13.58053827,18.3133080922,160.7632059874,20.0766386622,26.1665022221,150.3532576634,61.571880324,173.259053791,66.0712634368,13.8964604065,22.0882355534,160.8752298988,23.8278993668,64.1175130216,93.4829186565,18.5308814614,123.76073588,25.962092124,21.2691635386,37.4447835708,35.1784220504,79.6695256694,48.4604905046,68.3259011796,133.7037069272,48.3124744838,73.2704921369001,69.6470946262,120.8696791704,17.5577360966,21.9641107892,65.0659053616001,15.71652423464,73.7278853322001,78.2270831416,17.393833427,207.287878346,29.465027279,57.8618400734,56.6577144255001,30.0279839376,32.620745621796,18.4012490953,20.4867341864,19.9605156198,42.0551547905,93.2840358458,74.2943062756,25.8863552904,34.6731936712,217.75001723832,23.58814811168,51.0335751516,58.8942876912001,84.8749019012,68.41431088336,51.88950217646,17.6757947017,57.6264419138,50.08956924558,98.635713166,97.97894736198,281.68552715188,42.07370995824,44.18889983742,23.73790202646,24.7275018888,12.723836012792,42.46946422816,104.1702955222,17.9505090213,15.335034445,22.6569165016,35.6695496842,133.8641235824,325.5560307098,16.9709740574,45.8383037951,64.759485501,114.8371569996,22.3324463254,30.3365339236,16.24079609904,55.5356241012001,78.75657754122,59.5575810484,53.7027216912,15.9918287534,127.0738044348,72.2725024982,16.1793698564,66.5559456326,17.48308214572,113.6866233935,14.789398067,110.09618334358,22.643974904,41.8175595841,93.1835452120999,32.0541625223,107.31484915,74.3834097532,26.9691489902,13.44770703,144.12477716932,81.1308291721999,30.0138844012
42.549621261546,25.7672563692,36.2796665978,10000,49.5719647192,55.9443506197,115.44677360904,18.0667313922,44.685329931,22.4009606216,39.9488970272,48.504649081,38.3331043926,156.0591074558,19.9859669284,26.7653362432,26.23072387224,27.972731269,166.9049185438,62.6459781966601,43.656349238856,356.6182218664,32.17608322836,12.2732432848,34.1374044892,78.7482415046,16.146091579,22.8595202574,320.9580711636,26.6375647912001,33.6050935122,53.220134401,38.4490223962,197.264829119,23.9511248122,62.5911154982001,47.064683883,89.5859923191899,35.09215080188,102.2980080204,89.3194405828002,102.5786680132,34.77812057064,169.01948482422,246.361293122,18.938786996,23.6850999284,25.31334404512,49.89856347144,36.374954902882,82.5385644082001,45.579831974,71.6983456917399,24.9749776676,59.9295190241999,12.67318173674,30.3760539484,57.23094769668,39.6615433876,55.752536216,20.2253209036,56.4698519408,84.2957969611,45.238519853574,46.694760851,99.148680401,17.8820126892,121.2454703138,49.1618639268,25.5890100976,72.7622378120999,68.145704602,31.6754297063,249.0338161626,66.8829864971,270.4443284102,80.0643778555999,30.5795261676,26.5612477774,90.5718525046001,86.9036982784,65.9868128838,111.188695472,45.9962210633999,213.1000835112,24.2190435252,21.33576211,94.9681698390001,67.6064986608001,42.6188817512,13.0387842244,37.0877646819999,72.1759377186,91.4029562282001,13.6149478671,20.212649368,62.0025841557,56.1983155098,38.3009771492,48.6177515478,26.40178651156,40.5000811897,155.9515390478,19.074024607,287.5203506152,30.7891641652,55.6091411051,49.11059566774,30.7237955066,73.9075203829961,49.3118186731,25.9825776774,67.8441965170001,80.9938261142,53.6865616758,177.9431384748,63.2362822437,58.1831543194,304.99879181232,42.08657090388,103.0152182838,95.9726394824002,135.2680986404,37.61722537884,55.6839993753401,34.162737073,58.0068254300001,53.49634809398,188.5307012652,47.91369463298,368.77011020618,95.24246187816,23.81795004962,13.87869565934,36.9506732602,46.396501384008,46.3620703214401,60.8573032214,28.1367451119,53.6836454512,25.6550303444,123.6028700944,216.3351159636,421.518940359,29.6906433276,26.5560910828,84.2951729184001,61.4826318752,40.4860412872,34.4977321476,45.50823972956,52.5218473226001,94.69688380342,48.9167690892,46.474198062,32.1300106288,77.2387581700001,59.0667709993,45.853825151,160.9692017438,30.45902976008,81.6215183197001,37.9689350512,191.77398149478,28.732009495,77.7374282316,90.6228210563999,80.3278542750001,58.6784694408,32.6245186824,88.3035591684,42.5839673958,99.2069199689201,48.9500526646,54.0587173496
9.05692084225398,47.0537796982001,14.105697803,49.5719647192,10000,37.8589756716999,159.11308627524,36.25340404,12.5969391804,19.3209773982,114.77553376,73.9509880338001,62.3893638146,83.3463028829,45.1045596117,31.8395721608,38.16908738524,44.4924828704,56.6881399942,19.42636681486,110.608870741256,246.7839967972,27.33187039456,44.728769338,54.8136358538,35.3908087302,19.6632837176,39.3475362915999,212.9566416466,109.221511769,29.649273326,38.2303147502,12.3466260042,71.2416503168001,36.2630389228,38.9093125956,104.2004198016,42.06012185072,45.6159842597201,18.282553063,25.2668242533,24.911803265,56.73645222172,71.9822007360199,130.8950757518,33.630196948,35.748142623,77.56192213732,64.8258594237601,15.073552359718,10.2795313802,42.5956170892001,175.38866240434,30.1088468706,32.9299809321,21.73342704654,63.7209410419999,36.32239997048,10.0681902394,10.8234314722,17.4498063454,44.9061723284,44.8437665874,14.330910425226,9.3510434552,182.4995200587,45.517242607,73.3976546618001,13.0236654765,36.8982067076,174.6511922348,9.8853878708,30.9667755478,128.4206626124,62.2055569366,160.53666254,86.1661788628,8.8038299848,38.0344510174,150.3237178026,22.0927253078,29.4286805146,66.7250458201001,19.9860413574,116.769975593,35.684684081,24.911663572,30.4039764478,21.3456297815,100.9009084602,49.040088947,82.5188570966,114.3693348952,29.8289526402,71.4583487608,77.7584364432001,157.3691332875,15.6944197946,15.503396092,38.2055712504,14.95528113286,51.470511252,71.1898187606,22.1363442018,190.556279785,40.6232710915,39.7266922793,35.5063706095,27.3248376698,29.499931030796,12.8507072259,21.1585736042,12.9554726252,27.612320786,108.871768037,67.7042587446001,16.0495567172,26.6138608582,202.05151781212,12.81760889868,42.5237815388,72.7749809482,83.0740536042,82.21567485236,32.38784008746,32.5513154374,36.4710638738,41.07989753498,67.5559461349999,126.92617175998,272.36285546988,30.35133789224,48.28224851642,34.54226475826,16.6586125114,11.209916574792,30.97778053024,82.2482138318001,26.1581578926,8.74311733600001,21.9681341662,12.7641247506,108.5482717342,316.4061221668,12.5062907756,47.3648605384,75.820905333,136.8807660736,14.6646748778,48.9524970569001,13.02862460964,36.1803556751,41.24557308922,81.5295782202,32.5365946798,9.39261348740001,102.9881876898,40.0673416804,12.861881869,57.9584377031,11.55560729828,98.2222925620001,10.898151874,94.93997837158,27.5317874904,61.9554554384,59.4488406884,34.5673412897,81.3449287581,76.0738472442,11.2175542792,10.1130906494,169.19441483382,83.7208926491999,22.1398099718
33.785008938646,48.1866566724,63.9251448023,55.9443506197,37.8589756716999,10000,123.73213831714,57.2724821902999,59.6745842349001,57.6412283133001,97.2488262197001,99.7134943755,43.9206627619001,138.0878101611,92.9325306049,64.8637540003,74.48298750354,69.2036282425,126.1913129519,67.03816980442,123.962214143444,280.5827260914,66.6548074254601,53.5554200953,65.5852957955,94.5916880238,44.2091158327,62.3356360163,251.8716017967,82.2493930124999,50.5642143593,13.6019508991,41.2679036731,127.9626670845,50.0898948359,59.5733050237,112.7168695543,14.78738731528,91.53777224518,102.3544403127,95.0031591869,97.5582754549,62.4329442967399,136.34849881757,173.0524164763,41.0390581529,63.4138548483,52.40715384898,81.1414840900601,44.5234945943819,55.6386300529,60.71221264155,140.47405988944,49.8948012643001,48.6552018250499,41.3411657402401,73.5602358501,7.70401928977999,40.58841651955,41.2922894151,45.5506694233,12.2752941545,54.2239865075,45.668466036674,47.4510892839,145.8275551865,61.3496696543,142.3478271713,51.7457826261,63.5521360941,145.7678163255,55.1550223789,57.8559740858999,172.7941667927,74.7219668570501,201.0412544013,138.4782680066,43.1288884869,76.1189681261,77.9746685698999,83.8382019114999,12.8722296965,59.5514130091,41.5223187261,167.2662915593,37.4497576379,56.8860757907,102.8336439003,33.8192837283,88.3021332452,57.1100501571001,108.8307695283,40.9297914461,49.6292309523,59.1079026943,91.9946091079001,147.0725817024,44.9319677521,49.8888707545,33.9637505966,40.06315657986,21.4429068998,131.83382251955,51.732941334,214.0158497289,74.9396616677,20.29490352455,11.01909794564,59.0178658511,48.754802349296,52.4888771047999,47.6811289363,46.9449604983,37.4507652613,133.2582066921,118.9117338849,47.4456287693,47.4346476927,226.89973186342,41.64240856318,85.3095583192001,93.8896764499,134.2382370815,102.41028359394,11.04440456584,77.8531135393001,7.6137653853,27.51422670368,102.2495332199,122.08082412268,308.83412041468,91.64518620866,35.65536178652,66.86722770764,40.3299148423001,42.697172459608,10.93090058154,33.8921161057,53.6672845801,42.9184126235,38.9342855325,87.2239663661001,143.6417594647,327.2548831801,53.0555760918,32.5601676229,126.4947567207,137.3639868079,32.8872309803,86.5372703771,48.79046921294,10.1549404635,16.22131100032,93.1336320713,17.5099286236,35.7242297091,34.8903470497,11.3970541985,36.2919610159,123.0461830875,43.84224790627,70.100264499,43.2289352163,127.78307158373,38.3073414096,72.9741296837,28.93491498065,90.7330216451,20.7375242533,88.4644133117,64.2164212217,40.9237285555,175.55260023858,80.8115455139,60.1450290815
142.166323197586,76.76054961454,159.19360757084,115.44677360904,159.11308627524,123.73213831714,10000,108.06271498524,98.22280758984,146.02202741464,39.50354428308,97.1192468327401,122.34903704584,321.856385848241,115.47962710444,128.77939654244,105.4113539146,196.35030528244,311.77388751124,139.52528816878,153.119197588384,508.45902078284,160.21798298188,145.35522761254,65.65732690664,249.97025455964,187.10420422444,75.1507755190399,466.06358293004,74.4709911851601,73.84240779224,166.99005723744,93.53652022864,337.91002181044,183.70269341804,221.63612854964,91.94864378204,163.73278099722,126.02993097522,227.51272466436,264.41140081584,273.42508495664,144.29383370572,324.99694374666,384.779697564441,108.23603987624,123.77221781254,86.2807104983201,66.9010275359999,151.460981187522,208.08455259964,66.86719173404,94.6859539362001,69.0940757482399,208.62764146194,144.0617858217,51.8193121437401,114.34344896176,130.68635584594,142.67094027284,146.77679074724,106.18511412864,144.87357513304,162.972165248014,173.55537585644,46.80526609356,146.08512456774,144.22135212764,171.71732613284,109.56211909784,74.46211265116,200.56310884454,78.9568753464401,385.84240076704,227.36626634254,421.09006447564,141.27184576664,137.58557371504,122.30008984044,54.68381816024,231.01410337484,152.34289148334,147.31165834444,140.67775261,366.51612962264,128.96412037764,169.28241360744,233.00805995104,164.03031609644,59.91721393836,93.0364306982399,89.1112244978399,38.03741004756,217.11222646824,72.87175212544,149.18700104444,183.21632434794,164.95637886124,121.26174124024,73.4461676702399,154.61915299828,67.9832516125401,319.41731470324,121.32347404144,437.24072070264,133.11262514464,143.63082544074,113.75690020078,100.56584568704,219.593698760436,175.13696695754,159.47490364644,194.37090149344,232.67811448864,99.2647519588401,322.26713312624,180.62606807994,156.96709448004,446.33748880376,162.95343790956,252.80384716724,222.81129141044,303.21735639534,51.0190343792801,162.36546158938,103.76267854724,150.46869891044,169.24053735086,320.73385047064,67.7265670634601,528.017909404221,263.3623345472,105.98925281812,129.84701345318,151.65204203144,137.771059272048,98.072463058,29.53833291148,153.26875380044,166.93817531524,98.4129214180399,263.49036339984,357.27420005104,572.04286468544,91.11663515524,107.38672101504,159.12830880284,95.64166991996,111.90549081164,96.85248877324,157.7342459168,124.89073298294,206.15483148602,119.34233348124,75.12922664544,131.72793929936,42.33083315236,102.23347294884,131.47962635754,302.40642120024,114.01098751236,20.68060375924,107.87712522124,348.82538510022,132.35462567004,104.17645243744,72.7894426443401,242.82200868444,38.15393799984,46.95991453604,232.70996715204,150.64144585844,97.0700948035201,32.76962774444,173.85772909764
30.645408145654,19.9805985379,28.2513296464,18.0667313922,36.25340404,57.2724821902999,108.06271498524,10000,36.6675506492,19.0741105622,40.4181421796,36.4027943474,37.0939628224,132.531321648,24.6082481272,27.0340733523,23.07866743416,34.8128366831,142.1195697838,57.46469022346,71.646779417656,324.114220521801,23.99484033544,25.6162609903,35.5524705383999,77.1222327712001,23.6988185172,11.4181490658,282.114696109,29.8952116643,24.3778960613,54.6098796992,24.0543833138,150.1733946744,27.9107143076,58.9055897692,43.3764195852,65.92416363522,37.10309085522,84.2798199946001,85.5828273402999,83.3838069946,35.95572580856,150.33074230462,201.8850608274,22.07478809,20.5977984046,26.15560086132,40.91718836976,28.886710412682,61.5203778918,26.1678591475,79.98574430034,22.290617525,44.4926509411,21.74298954866,34.8049703316,58.77017165142,35.1443810226,41.0893201865999,19.2389334581,59.6256295177,61.4950675173,39.866717103574,39.0290244464,88.6166139097,23.3788399128,112.1828679388,40.1778025346,21.4266877283,77.0612852627001,51.3112874406,22.0743678365,207.267876628,58.6274633704,227.9137417156,69.1071430076999,24.9528294828,20.498614329,109.4594626138,74.0431788084,58.861272187,89.9939966328,32.445083471,183.9115388266,26.5145233126,12.9326896376,73.1286559672001,45.3763147472,32.4850160362,18.8981722962,43.4750649062,81.3394934991999,66.4953524418001,15.5138010222,41.7420582524,88.0178526892001,41.0638786392,26.3839267564,49.8653502934,26.91111522324,43.4265493974001,139.9706748456,13.2927423908,255.0075713806,22.8247053486,53.4335401941,49.93763526906,20.4358194182,42.541457690404,41.8628039711,22.1444847348,51.3753116032,50.3581581996,74.3936643494,132.3004375202,44.744744804,39.8053041768,266.02212040372,37.06836832432,81.3617854292,69.0913445297999,120.1405700562,41.50549306236,54.4303914983599,29.7536810844,56.5516152542,55.43737651222,138.3786074606,41.65220486502,340.73116967448,72.2796612256399,29.47359000738,18.80952938153,29.681498165,35.578788238392,44.42108149076,64.0646098728,35.4401320959,41.94478544,19.7156337788,102.4993285186,182.9664423882,379.4096442444,21.0484552872,27.871219317,71.2405916006,56.507200921,25.1250216205,27.5660091764,38.35540269124,51.1724331246,74.79155762378,41.1487624008,43.4316323185,26.5527672474,81.2827234506,58.7681418602,23.427145997,117.8400001872,20.62355447968,77.0090210594999,24.6064608979,160.11908698098,23.0625423618,48.8259643937,74.7512529647,71.8974872254001,60.3066199187,36.5911769822,76.6743907307999,33.3702385066,88.6760535271199,43.3805431233,44.9394541374
14.533613371254,36.0208440424,15.7813028642,44.685329931,12.5969391804,59.6745842349001,98.22280758984,36.6675506492,10000,26.6447903936,64.8509023006,46.901524685,73.790943739,141.810880586,31.6290748635,34.826855083,28.96093737276,53.8009772798,131.4219207418,23.75195531032,121.807965944856,323.4642117436,31.47784034584,49.6588671208,29.5862877596,61.3788484433999,33.5355514558,31.3320056546,280.2088014158,80.032143416,30.268681243,61.8768684811,18.2132587246,138.3629922912,50.8452795312,54.8805790058,77.5606709618,73.8415072478201,36.72054867122,63.969298731,75.261972223,87.795874942,66.5042530853601,146.07579604502,200.5572904042,33.0886604108,25.3669272738,74.67501239412,50.6777570421601,22.366508583218,33.9740779052,30.8159804384,126.51501100034,24.203277868,61.3432631593,24.69892492986,47.2759543088,54.3352871843201,11.2575692846,11.1976683432,21.8166275768,49.1105686989,57.2183051846,20.105722094826,20.8328110348,134.4278198413,47.2376639114,85.4435025026,20.3463410534,43.5824058388,114.0106698144,24.7741375248,31.441291924,200.1794664548,84.7273153235999,221.2187881344,58.5818383282,13.2182453984,37.5177046114,110.0186509412,57.2843309286,57.3785037626001,83.3612036526001,26.2033681703,194.071358711,39.7242187906,41.0382487748,63.3805509564,41.274003642,72.2610215616001,42.743388091,45.064935482,75.8385406478,71.4885221466,49.8363413074,81.3222279951999,140.57526611,27.8344248616,22.732397839,34.2845366465,21.52896272464,45.7205552509999,144.5358201576,24.665334313,248.0834523374,46.7119165644,61.63135488,49.02208519706,27.3097814511,49.868428976004,16.9309840127,36.3860351589,19.7736558622,63.3026711480001,87.2543647408,134.5960760196,30.61053657,38.9634033181999,295.62204492332,24.45219242512,82.040229975,74.0843977736001,144.7746504942,50.25488938916,55.51282225866,20.2879960482,66.3348591732,54.02390649152,127.4528534384,77.11654104482,339.87454998448,88.93028356764,57.83471152158,32.58129372086,27.201175025,16.249153529392,40.23669290836,50.662409368,22.830003747,17.3512373826,26.9193504864,82.3534162552,190.8700252402,400.7498147912,15.5926413984,53.6647581342,52.4489999158,82.99762814,24.990049243,40.110351541,13.35089918964,50.9985851188,86.1004850325801,72.1089111298001,34.3876098998,13.5814511004,66.8387264252,47.4011301746,22.236488227,137.4587813077,22.84709111288,53.5326353719001,16.5707753036,174.22616047398,31.9926398668,54.7251842844,58.6267261948001,65.5666695814001,49.300367429,47.0738856248,53.9931277864,12.9574300318,102.98206138992,33.4361379748,31.6946529986
20.863893691054,37.034573597,16.8182638228,22.4009606216,19.3209773982,57.6412283133001,146.02202741464,19.0741105622,26.6447903936,10000,89.4177111112,45.8938140336,51.7844708378,106.5374010197,27.9532140026,19.272443134,20.40145763344,36.0402957408,78.4978953828,31.33139479586,65.465340052256,283.8371360684,17.36545224476,30.6574751838,57.018656833,32.734832024,14.5720239374,17.8162048524,250.5509266456,63.3477252798,38.4198484032,52.62890856,24.2671666136,111.738665751,22.8305537042,45.019871315,76.8766766138,77.3969079694201,33.61840196892,52.6249674132,31.7424587948,36.0914205788,36.61175998292,89.1238668672199,166.719681754,30.8380964492,30.9975208674,50.96705409922,62.01669682344,20.385739277918,36.8686505642,36.4310332326,136.31840949254,35.3420299668,51.4018332339,20.43977590674,55.0939840158,60.29441353148,21.6063282202,23.8068250284,11.519458155,60.5361663314,71.6303625443001,17.355172467026,22.308468474,154.4162391851,29.0941148822,107.1538344408,21.878137055,20.8300704418,133.932343844,25.678716731,23.950177945,176.6139075446,56.3205036634,199.9149345522,75.172010953,14.2896611484,19.3404772638,129.5589484824,27.682810973,56.0475540764,96.7796576970001,29.7398227746,136.6345622892,36.4196517988,10.4935026658,50.7364884866,42.052629732,58.9998547514,32.5528854082,64.4480947628,94.9613479585999,54.304101527,35.996904606,37.8548635694001,115.6926032453,34.2121561338,23.4593254358,62.1718471372,16.85825020176,52.8853105802,81.8505920644,10.6957629586,227.8617844472,30.159729889,52.8810218751,53.6443978317,15.351849517,55.683859798596,18.1446861161,14.1315988208,23.030505785,42.6314968342,79.7398555698,101.8012127768,27.3214466466,36.0958712864,240.29756241432,18.36666660588,72.510095776,71.8237465483,91.197223826,70.79314420136,54.04201858786,41.8129678142,57.8518436505999,49.52410437598,106.8308255072,78.4964154591799,301.62335434708,32.12149931144,41.49289044162,13.61607181906,21.2231006082,21.767496668992,47.86618160144,82.6094238805999,26.0224701918,18.3985266242,28.6445647264,53.7103357646,144.249898492,362.189278631,17.9104988708,42.4859282086001,77.6694050172001,93.773874392,26.2370649777,40.8690773777999,19.97212100784,54.5374285904,73.29081071642,63.33729177,46.315370848,18.4226658656,92.6498739546001,65.2461827481,27.4499554894,81.3529495327999,18.08772029508,93.2299838273,22.3215547207,131.77548830438,29.0702393106,65.4926435076,84.2139763512,46.7357312536,76.922251974,60.9668745152,35.4823533394,19.5989646768,126.17617465672,79.1818802384,17.164691016
97.827635530627,41.6207045163,112.476391876,39.9488970272,114.77553376,97.2488262197001,39.50354428308,40.4181421796,64.8509023006,89.4177111112,10000,45.3013539424001,68.956854785,245.8024142034,60.8102759228,60.690738037,32.73079117156,119.964089053,262.3872797788,108.89350535234,117.597501473944,430.6386662912,101.70649026144,54.024839906,14.9874127082,187.3959302238,121.0564742972,29.3039504868,382.8694208546,25.370876993,19.9925257963,114.5426457502,48.5001918552,262.8472309638,104.5263056616,158.3122587542,26.5958497686,121.92325451658,64.0546194904001,181.454169664,199.5116612222,206.827397257,83.89489498028,272.46660429602,305.302493544801,31.695704577,48.048217336,39.28515302204,47.42676291576,110.364402533282,165.1366799728,25.8220158928,44.85896881806,31.0625593896,141.2003460201,82.35023797686,37.0167074726,93.50062272792,93.3568520756,104.884306292,96.9067034487999,86.3945779709999,115.1931794307,121.004847136574,129.2628397338,14.9668990048,77.549622605,128.6522746284,129.13441858,55.3950911494,18.2409627304,152.1770069242,41.60376587,313.5571215074,178.630553965,327.049666615,70.1807941812,93.7401255854001,61.6511584804001,81.5512469936,188.2410588638,121.0627880676,127.3477298529,87.3907337204001,299.152525055999,62.7001559970001,104.5070526988,165.4928027999,123.8749270986,34.0076096318,20.1437581666,18.8809362841,58.4153037282001,165.9048036366,19.8626877372,79.7750253432001,106.0817414722,115.7620556066,86.1946297522,74.6062860014001,91.8141816756399,60.5027690724,269.5074203986,68.9439100697999,343.70425074,83.918971229,97.1535920178,84.25165216817,65.3747737382001,135.342340784604,124.9147093291,100.6333989756,148.1037770239,172.787489059,77.5754430404,247.3432340266,121.3177712094,107.7872899988,388.77716227032,104.95553896132,165.2544569478,136.9583812478,238.2305145692,36.41765446084,118.28239604554,40.6950937294,113.0595924808,112.73852449242,242.51289146,19.57208149262,449.53979398338,206.48617041564,42.37852713278,61.64715510253,90.4577120060001,104.527765407208,64.41253828376,57.3748886728,86.2539396316,128.188003773,45.6651854268,217.9848886882,294.2241989792,493.5538943738,45.3985976986,48.5124633474,77.7228384670001,19.8887577156,65.3337061258,43.0609825236,109.56919952736,82.7974030182,165.15125341678,60.7484579168,57.7451203502001,81.2666651424,69.1448744138,88.836616463,85.5391979514,253.4097480566,76.29356477012,50.8532647545,60.126255033,270.62419298238,71.8845575198,58.6499729327001,57.6066200450001,165.4986024008,59.0373399291999,39.4463097952,182.3231836978,106.670910519,40.13822941774,13.9360805274,118.8399851068
68.920218474454,50.1103561306,38.7793540692,48.504649081,73.9509880338001,99.7134943755,97.1192468327401,36.4027943474,46.901524685,45.8938140336,45.3013539424001,10000,25.6406488944,187.679620137,66.4874222918,19.1596115608,28.45513411224,91.0192969558,191.0010620854,83.42178048426,145.415123589856,338.045193225,44.81206109724,60.3384478058,62.5328185688,106.9933500888,65.0516913407999,36.2864842277999,298.891904013,22.7081542596,49.1353602594,121.8430265596,40.2880071258,180.7105170222,65.2451180818,132.7931881188,24.3619798996,108.89193492142,12.74477501582,115.9581468118,125.6867354279,133.7812709656,33.85877206052,199.94256812982,230.4442599944,40.60782713,25.5081719576,35.08321565212,89.8792611735599,56.208466886082,111.1593338528,30.0672199532,69.0089258937399,56.0703272838001,89.8007680379,55.2320556949401,93.3227294438,93.34005452228,58.6253396055999,71.8429762774999,41.8836963754,110.4711977886,91.4354067648,79.1054371065741,69.6971184326,67.7463850478999,46.0126801088,160.3937076906,70.9377324706,11.5609542676,52.3012961242,103.8718250978,45.2542929338,247.4166121642,124.2402110096,230.5177680218,36.3003998902,55.6104121024,44.0742160382,134.0882922488,106.5808686656,120.4886325882,112.985824523,57.1154720757999,231.6793150016,53.1465608126,57.3669014756,111.1975323684,95.9140287038,15.8201015966,48.7216462805999,46.017148646,111.1315316634,94.4436320078001,53.760904837,98.5973273904,117.1611899866,65.6550107862001,35.5857531716,98.7011339257,48.00267297436,91.1530252873001,190.9218890952,41.0397319214,247.3653558856,68.6567790738,122.9931594151,74.5412287149,42.0646521118,84.5959252497961,81.1161366200999,64.92624511,100.9843511608,97.7294713882,133.3329731606,164.5791496492,85.957387397,73.9463143032,308.01333149492,71.99870134948,93.958386368,56.3276420086,160.7246196348,100.17847691944,110.10614691306,39.532021898,103.280968624,100.92294964578,173.2996433344,18.30407717538,347.43513189528,126.87454334504,45.20479813642,36.90966088006,69.803543346,61.826550878192,90.42559958064,89.7778249790001,48.9455499806,81.2599600208,33.5219727106,161.1416700068,241.9083289052,364.9533092906,48.5954653944001,40.4465477332,33.657134169,34.4710463428001,57.6893083654,47.2362652822,68.5876003994401,97.2045477354,138.92639867322,71.8792207018,88.0396407726,59.9740391622001,116.659701222,94.5874012292,47.5615105452,171.6393845662,44.3296560086799,78.2888562617001,43.185846534,210.90162982298,38.4867038438,26.8224261708,80.8232131494,98.1631409794,93.4872920395,106.1449671636,131.029317827,64.1970050234,31.17757426652,55.5680178426,63.2875318756
56.7489767212541,27.6558419114,46.680618278,38.3331043926,62.3893638146,43.9206627619001,122.34903704584,37.0939628224,73.790943739,51.7844708378,68.956854785,25.6406488944,10000,160.5093078828,55.7554686212,32.894804192,58.9854413684401,43.0685259336,149.8566569916,88.73375247786,78.122062235056,291.8263915694,27.80405601604,48.5109814592,55.5717386478,86.3444420615999,50.78751778,49.1330154064,263.353067287601,21.2787283042,54.1847545277,63.9253706129999,51.1262757927999,157.879128443,36.8778484046,66.7808218604001,24.2189038204,62.84209373562,38.53154966402,105.601878388,109.9489970138,112.1812235222,23.37263007316,167.19525674002,205.354458646,31.3608850016,35.356737948,16.50859481232,52.0976499701601,37.840334531318,65.6953637164,40.2451328258001,65.29332564554,61.813966984,40.7444441163,48.62945187233,67.4165870484,44.52050815406,65.3998006104,69.0181928631999,39.9415245532,65.0193719290001,59.0584251554001,72.663533698026,44.8247792748,104.4854290796,29.1307337702,128.3326410206,45.273324182,19.1588920158,90.5651702906,65.2895162326,32.591210372,204.5812079166,57.8014791612001,240.9353880842,87.8006679358,56.9334929179999,57.7328120736,128.2172967894,85.5445207574,66.5742596708,88.2382602488,45.5012960156001,196.419474454,33.4118262494,51.4231200348,102.6942076014,45.629704428,29.3673819936,38.6204072264,53.2580743323999,111.217493976,56.0122713548,66.7208533182,62.0786581653,81.8015105058001,42.8296654926,44.9014313364,64.9021035314,39.28645107302,52.220172071,154.5943799494,40.9299638446001,257.4308041692,44.2317590722,76.9825793231999,38.05559344986,56.6780014278,42.541340385004,70.4717734187001,64.7863814946,66.3916422232,63.1732802032,87.2977710818001,151.2293173684,59.2873189833999,39.7350820106001,245.98965509912,53.54940878012,73.1133478128,34.9930926894,143.8985655438,69.2516432453599,50.2398323286601,54.5328918916,49.9405621684,37.86470392902,137.9600279692,37.5439323024199,304.86027388758,96.0666260324399,14.86847754458,47.26259972566,54.1180828911999,50.985872437192,48.0095403245801,59.6901831214,43.7066774432,69.656036739,35.1097621812,109.7296199404,182.453036607,331.188400793,57.3334683818,12.9141182818,81.125664273,55.81966162,44.1042591558,38.5628701548,71.24029980804,44.4122789557,74.2794019895799,31.521738289,53.8232570242999,55.7917887744,104.6315766982,46.6815740874,42.3869862686,141.2714333448,41.33259492008,69.0941362899,51.671065234,169.10077852078,26.5304246062,34.3029081824,46.2614469612,65.75335505,64.8550825942,72.9313872584,85.3413442502001,63.1825895894001,82.21895258232,59.0661371144,58.8276921378
92.994430951746,170.9362417474,88.5360676243,156.0591074558,83.3463028829,138.0878101611,321.856385848241,132.531321648,141.810880586,106.5374010197,245.8024142034,187.679620137,160.5093078828,10000,174.2710025138,131.1477944036,160.72266766884,105.0995525132,35.8612296662,114.07948347472,224.134927572856,95.7481419719999,97.18645989904,131.6691750446,205.0251588488,56.8636389684,82.3042853199,164.8277759047,49.8045132433,227.5786246434,154.3871736006,101.2913075423,132.9372996294,51.0150619458,88.1047396900001,74.7636407832,220.1213291322,119.35551140502,141.55814732958,66.0574408109,47.2196060046,38.1229342794,147.09249526608,34.05401096931,45.2077454384,132.817580737,127.2183913714,190.33759975372,224.75307785236,79.6165739191179,54.2001004654,172.1362589516,284.54226084594,164.3123156126,50.6798227422,114.35766685354,231.9844403902,149.28077852808,103.4613885368,96.0050303827999,104.4382993978,154.0240391141,95.2525269918,90.655941726926,71.0280831225999,316.8085787438,130.4833994162,189.9120883844,73.6494091396,146.2665264344,271.2297496196,50.6260882014,170.5278690276,25.5702413508,53.4687282096,83.8656425924,149.5716798818,99.1494298092,146.3435859155,308.3646750024,55.5473304076,122.5184477275,135.2199205146,86.8605156992001,34.6095485644,122.1623161814,82.6953367208001,22.6208476608,70.0443727307999,230.4913751754,176.503802181,194.6291392482,259.9112599499,44.154482704,197.7647424296,196.1124000468,246.569436688,70.0872244658,111.5587044082,187.6516242652,86.23819675676,180.1961970762,25.995138622,118.9654760155,101.5871980754,150.2379455376,130.0825599726,146.0300936361,132.6784264164,63.394930873804,79.6873909963,115.2117717442,61.7767043472,72.3871334384,273.8309791356,58.7243283354,63.6470353432,68.7435807982001,84.2938561565601,84.40726214372,29.7058552902,96.1404372714,28.1538116782,257.77546593884,99.6218444161401,153.7525611642,113.4811066176,72.4075135476201,42.6459682316,243.95379416722,123.69837858998,32.45887466236,157.11992012452,138.93562015114,90.755802577,100.952927425808,144.88374528024,236.7838265842,103.9778696808,91.5611932184001,132.8087159259,40.5801132576,18.5669410898,183.1661005522,136.3416957808,144.49438,142.9411073003,228.8448172818,116.6069951958,197.794637466,82.74939983796,125.5612933004,82.39199512718,192.3753757178,165.7782019678,109.551037963,244.7826054702,150.8566850694,95.3319573603,32.618136224,117.22002005588,256.1364748339,116.8599265294,30.69438931528,103.8442654886,178.8551523819,189.9305827325,27.9310193947,219.8734059688,246.9203779278,44.1933773472,86.4648546986,265.07465431672,226.1242291986,72.1158162206001
41.667738555946,32.6656828062,16.8925458968,19.9859669284,45.1045596117,92.9325306049,115.47962710444,24.6082481272,31.6290748635,27.9532140026,60.8102759228,66.4874222918,55.7554686212,174.2710025138,10000,44.4854534222,37.65413412864,61.0533748686,185.7318091518,43.02102103106,69.724880138056,392.753238226401,31.76881092984,29.4744884578,42.2406991374,77.8223717090001,38.340871803,23.2159905504,351.7032143936,40.9492755978,39.161814613,90.0137980949999,40.1097225878,231.717279479,54.6254212846001,81.4825888711001,49.5674261202001,140.91198860902,48.35088493548,71.6444222088,99.5885341252,130.6274735632,66.4763755808401,184.88969448022,277.619065522,31.0940685354,29.3224820474,40.31232221012,50.72517744696,27.664871128718,96.9676496932,55.435347137,107.42703855294,24.7005657652,78.9832780212,14.33105727694,32.9004740516,81.07192860388,33.2971057036,40.7386740634,22.920837088,77.4769711130999,87.4257343360001,41.426000305426,30.427689817,129.105866673,37.1043816594,89.5863256127,26.9777178592,40.8720247526,98.3818314062,67.8501097631999,25.3273062078,273.3648810226,84.1521912523999,307.8817203902,85.5449101526001,29.8710204046,20.4295849944,107.1179892286,67.1599418809999,103.9254621054,122.0939314834,44.6959869754,242.4642929212,26.6580402388,35.8296522464,100.5255884574,76.035150476,44.0385809254,28.8040873962,25.5243466224,93.6465532658,96.0422279548,23.113313438,41.4522973302,81.4195624081,55.7254000232,29.926433925,49.6199690119,34.70682229256,43.3700276824,164.3009673948,24.4924103074,329.4944278752,28.6651039502,102.3032188799,72.55156752114,23.322130817,126.795393614996,36.1695298533001,53.2485632256,56.836222959,138.4447406982,54.7490049636,214.9992741348,62.5932040638,54.409288438,338.89696324232,45.35678921952,128.764240577,120.45859517,133.9423956244,35.98007638844,93.7887674923399,32.7309887678,96.617229525,52.62767302542,222.8033139052,56.42495573258,396.30392251558,113.45238928344,61.7832607756201,23.38289926074,43.4857109778,30.800921424008,48.31989817904,63.3890523606,22.176582436,40.0066799552,28.1099635186,136.4763963884,231.5567008536,456.072981909,23.3049622306,43.6590932346,98.9634150101999,79.4674095039999,41.54665059,32.4292860348,35.29310546456,67.9876281180001,131.83802804942,59.486826355,46.8245617478,32.2958114536,97.0767877544001,68.3854991641,53.6937521441001,185.8193130138,25.69876004068,70.9892867537,35.9518227558,219.07736348678,44.0360004794,96.8432568838,90.8763998494,98.3749198434,70.9724149000001,31.995634666,84.8695123914,32.0298990508,105.22290395892,53.259165239,66.537594669
