10000,6.7825200506,5.18575595739999,8.36420377120001,5.53574146852699,10.1816862611,13.987056102473,12.2469649406,10.2711642276,12.0854394428,16.001896545573,18.012485831508,18.866681595027,22.270024144746,18.803121261,19.5488428335,21.06533312084,21.6078884513,23.296344799508,21.0402831325999,28.214848632988,32.1077988044,26.6524908844,27.5893700774,28.5661118446,30.1149847991,29.1749968413,32.1561971539,37.8731903593999,37.0478463159191,32.935848707,35.5003102852919,34.4624523866,38.4598891761459,37.7732111618,38.2882957312,44.0114345693,42.5725911033201,44.4146582213,43.2742796708,43.9862328348001,45.3846777319999,48.2024839802201,48.973539270436,52.013966948,48.3222448741189,49.1169647874,54.5700345445999,53.1044278856,51.7845490732999,52.3822057562,55.0128410261,65.72552434062,55.3770175042,59.2308068623001,57.120948443,60.2100796113001,61.8587553227,59.9091535143461,60.917305830846,63.319957585,66.6598916253999,66.0557884353,65.096781777087,67.012241594,73.8508040294,71.4593407004,74.6430167746,70.8228837700002,74.4184496803998,79.374001702,72.7873240763729,77.1336312101998,81.4598031085001,81.4103649706,84.5856992877001,84.7781693491999,78.9204800099002,83.6440757928,86.2592979742999,84.2710916727999,86.0276530199,87.3327891746,85.880547809827,91.8869026538001,88.8401829309998,89.8013428337001,93.3706141592001,91.0966081916003,97.3019843119001,94.9100731650002,97.0319247591999,97.8777337176001,98.4129760415999,100.06190987,101.9893725188,108.9538927288,100.246121766519,102.1036318523,103.836902068,102.54616748024,106.2978261023,107.412503197054,106.345529686473,115.433592168,110.792301315146,110.814520857281,111.900532964,112.2206415725,113.2855836748,112.105600482546,114.481271821227,113.8731580864,116.8812488208,120.4881385147,121.9879967283,118.6154989568,119.374964128346,126.62456558344,120.68384215766,126.885600368,127.1347742987,129.8493169232,127.977033808806,128.25775966517,128.429828963819,131.349778287346,132.54153114508,133.122077708,136.911921805046,141.67768545324,134.80013919646,136.322636882173,137.2372204528,136.1017398547,137.132995113608,139.754478294527,144.007527295708,140.8520530208,140.5977535256,142.5411881383,144.611691706,150.467298286973,151.3136578224,146.522730571301,149.1113533747,155.359436919,155.8840621384,150.306604244573,154.700379182,152.508416779466,155.369419161419,157.614209354973,160.548239286,158.194396555781,156.6895400713,162.3258606914,162.4458709034,160.5681663742,164.109398709054,163.9417012786,168.736138847,163.939459417274,170.9691767076,167.215146596,170.9839388138,172.370189506546,172.9124046459,173.8436472142,174.677090552,172.3815176309,173.148968979046,181.872272684027,177.4725140398,178.1968450924
6.7825200506,10000,5.56290614740002,5.2101699906,9.39341890989999,9.13199785645,10.9748713711,8.47276290670002,12.1990661768,11.9016568762,13.6278980974,16.1550334294,15.8761578846,24.3184251841,17.1844815094,19.2776788532,18.43971638458,20.5855438456,26.1762923504,24.865279736,24.353012611384,33.259071136,25.037145996,25.554441989,25.8802465302,32.6301197876,29.1054604827,29.7641890005,39.4993443642,32.7991342102,32.6628057635001,36.8856426600999,35.887429638,40.8208958197999,36.122146489,40.6984952852001,40.8788116029,41.88423859528,44.1206642586,45.1490828901999,46.6736480459999,47.8152071273999,45.7064883199099,52.0060768330001,54.6072815582,48.6243770228001,49.2244379584001,50.615186561,50.2037091725,52.074047100108,56.6670614989,54.2008101464,59.84040451957,55.677502479,59.2457136587,57.5484761671999,59.5244314400001,61.0849554394,64.3199129502,64.9456436147,62.5459305083001,66.6055912289,66.7723458414001,68.6467972964609,68.9633072327999,68.5714420638003,67.9016428819,74.9185495679999,71.754805383,72.9112489637999,76.1978959194,77.2818616925001,73.4227674075001,83.7783643943997,78.4487617863,86.9869649817,84.6687772522,81.1267111334,80.9082992190001,84.5671547102002,85.1516826758999,85.2632629653,88.4716785493999,88.1205334777001,93.992221671,88.3082854004002,88.2782150673,96.1108567269998,92.2612285604,92.8343529577,92.6648054983002,95.9734581048001,96.8090367251,99.4012730538001,97.2925227551001,98.4169006944001,103.0337638049,102.561924918,100.5982398734,103.0457927072,104.34448243594,104.3310948365,109.7441802404,105.04290902,116.7008912809,108.1254686049,111.03279289,110.63105180236,110.959581479,114.392833701802,115.8872209869,115.5041399314,118.3854448757,118.3319701894,117.2281040384,122.5689827485,121.448980726,120.0594604206,125.97475872354,122.1613348591,129.2982082698,127.5027011783,129.806041667,125.7722832202,128.81180214711,129.2598031215,130.5412236033,132.51791929822,135.4655581466,133.0823071418,142.1306256413,136.27467396696,135.19258616061,135.2860771294,137.6540369208,138.994309019212,139.7004157445,141.0842416896,140.8706177631,144.013124928499,143.0489921314,149.0928214555,152.2262593548,152.333010945799,147.695607971001,147.4850752542,156.241335349,153.2368160066,152.0534064926,151.7170372091,156.337507399,155.6930036735,157.8716780823,157.0228459913,157.8067085408,158.8970521237,160.9787449395,161.9864045339,161.7524096904,166.0937154398,162.15505419928,165.6111422119,165.1289999645,173.9874929548,167.4019104337,169.6084117364,171.4381568947,174.754282422,172.1824631448,171.714839737501,176.8736729504,175.898559412,178.80621898578,176.1677152806,179.5992825466
5.18575595739999,5.56290614740002,10000,5.69924771120002,4.76257742749999,9.87608210420001,11.538872491,9.6378637174,9.33827511269999,10.3394385762,13.650439565,14.0609228774,14.5515121608,20.138700148,15.355004458,16.6218110513,18.715498061,19.9222752169,21.804035158,20.29784864478,26.28469927096,30.9788389014,22.93716276756,25.895346836,27.09313206,29.2505084345,27.4543350424,30.245252821,36.8538923696,33.325529977,31.7189402005,36.178017735,32.6583233324,37.7486786422001,35.7077646093,37.5952940456,40.7640869833,41.0610401364999,40.87081275411,39.303995527,42.2969573870001,42.8750836910001,43.1674068438001,47.725852869,50.388950082,46.4048870152,46.228519763,51.0014399287601,51.66634769428,49.441411657923,51.7825694632999,52.2667400110001,61.88976684252,55.5116389858,56.2543761816,55.6604935935999,59.2823513479,60.8648446441999,59.0678113947999,60.3827998957001,61.3813872875,66.4609438341,64.0888872933,64.8088408455999,64.05524525,70.1962530116999,67.9993669174001,73.169730683,68.3411572600001,70.5278131236002,77.9545092758,72.2634766177,74.1315251048001,80.8905346893,77.8783946169999,83.0816845806001,82.213054765,78.2725778002999,80.9121053752001,85.3280416383999,80.963023281,86.5421441669001,87.0885304464999,83.1694672825999,89.8116052499998,85.7496396130001,87.8817413289001,91.5933374900001,89.5276515594001,92.5180215704001,93.122077928,94.5772393538998,98.0804951801999,95.1411648467999,98.6125368570002,100.184680045,104.4908032216,97.183575905,100.014503831,103.232280777,100.33034426118,105.8022944973,105.8481499404,104.3065177155,112.611718643,107.996669006,111.0135116643,109.73082631355,109.7421994617,111.1104387274,111.0773435378,113.191472898,113.8603931744,115.232210763,118.2777245063,118.746383016,117.4191694428,117.5248086579,123.47919276524,119.51759357566,124.922384233,123.5057494745,126.9268935776,125.8848637958,126.956365599,125.4408753453,129.7566159978,130.8617344726,131.696623704,133.4919119003,139.586243531,132.81603136952,134.20127806611,134.922055927,135.3129316354,136.261313143708,138.8043288208,141.745711588,137.9543971555,140.136857299,140.671761913,143.3448095316,149.4689493938,150.066373906,145.0317361133,146.6632839415,152.793931301,153.3987012098,149.506909128,150.5264253366,151.8212186126,154.303403371,156.913027196,155.971731586,157.101433861201,155.5564182855,162.4680974382,161.777507183,158.2886396069,162.1212202263,161.66000192792,166.9996693,162.6659219545,168.9591988726,164.1304590487,166.8707291128,170.7571447164,169.806687659,173.931297713,173.0657966248,171.7063116274,172.162290255,178.85075671266,175.3764850156,176.495090779
8.36420377120001,5.2101699906,5.69924771120002,10000,7.40829692320002,7.5199721214,9.25340955006002,6.8788835722,10.1260792242,9.45316691620002,10.709584912,13.0947181478,13.3620593046,21.6579855486,14.6687235864,15.8862950701,16.872435249,19.3096357505,26.0642874950001,22.72068808,23.622669457264,30.1815716338,23.7294834292,22.6933085342,23.9323628461,29.2144540385,26.2348663537001,26.4412793461,36.5679534110001,30.1417493244,30.8631671984,34.9090041588001,33.217879905,40.0901019016,33.8670569845,38.2358450948,38.1098778175999,40.4347787154601,40.2195902932801,43.731865646,44.2884865613,46.0747984832,43.48547700475,50.62112484407,52.002414611,46.1040924911999,47.526417441,47.95150768224,49.3555260682,50.7912768964,55.0249479078,52.1416374916,56.21796003277,54.1323580111999,56.6384353872,55.1703752757,58.0659579968001,59.37318402688,61.066246704,62.3556717684001,59.5134202952,65.1549215136,65.1933048829999,66.270343146548,66.5778378032,66.6854563539999,66.7813016106001,75.2258915757999,69.8833912152,70.0002038245,72.8171105756,75.892310984,72.5849492617999,81.9512426066999,77.9575297578001,83.7993569311999,81.6236121848001,78.5674528760001,78.3698911316,83.3340658991,84.1116651456,84.3310601909998,87.1739686206001,86.410586274,90.9821981479998,87.1330332842001,85.9032160672998,94.9709036349,90.408092773,90.6716785042999,90.3220998220001,92.2024171802002,95.8259348422002,96.5039597374,93.8424522932,95.7714012976002,99.1300363490001,100.9246455082,98.5928323994,101.4822378772,102.26289479368,102.835052994,108.0957452166,102.7460248768,114.462393856,107.300169124,109.3793901697,108.846806219,108.3045649525,111.478285113,112.8910514236,112.0400962764,116.338193173,115.5823297078,115.517431071,121.890608434,119.1584026792,118.8399701734,124.35166179595,120.955952963,125.0179227994,125.1361103495,128.0594899646,124.5835100947,126.83958128623,126.996369959,128.7414059436,129.90384200302,134.7565568586,130.6744954876,139.992973615,134.8915174192,132.87270803918,132.8365069674,136.0822758374,136.988211140416,138.377614976,139.4491899263,139.261686261,141.7873765105,140.8652434493,147.348380791901,149.8998125346,149.0673665734,144.4031144278,146.0867333925,151.396007518,149.4406235912,149.1998543548,150.1473035738,153.4592347476,154.223792973,156.27014300251,156.2653368622,156.0716767648,156.6992344203,159.9291420746,160.279373758599,159.672575744401,164.861077443,159.87938613308,163.483643408,163.213852174,170.0265437714,165.5063772672,167.4832841816,169.5031410254,172.531954732,170.9234436442,170.6230560302,175.253115691,173.4157215278,175.5108505276,174.2831197565,177.7109723038
5.53574146852699,9.39341890989999,4.76257742749999,7.40829692320002,10000,6.3593626515,10.1418668274,8.97857282139998,6.27860551950002,8.42198244459998,12.5654495735,14.045510947,14.86947838,16.87591988,14.71606552,15.8263739357,17.5678276835,17.860166995,18.679259694,16.86506611098,25.07527374486,27.591804213,23.0091164705,24.3111627735,26.2170252200001,25.539759309,25.370463931,28.8265596398,33.4136806714,34.4448504235,30.0227384533,32.1288391405,30.4009118305,33.734374031,34.2770360196,34.5963271306,40.8513130726001,38.7679132313,40.1497377214399,38.014125393,39.424333396,40.314874635,44.21916010541,44.0374691189999,47.183346988,45.1703761357,45.050437552,51.3312863989998,50.2467279776599,47.8002177999,48.1274937027,50.998883345,62.0321682795401,53.3078118888001,55.1949233443,53.4841294486001,57.7297208609998,58.0390124398,55.6911405367,56.6426270903,59.8273552790001,62.5817795396,62.5321043397,60.835595595861,62.7939932848,70.3551587560001,68.1828610225,70.6878051441001,66.5709293865003,70.5368039379999,76.6480134131001,68.4495481544001,73.6579144387,77.1060524460998,77.5393618759999,79.6430283970001,80.5026922185,75.1663959239002,80.2710718152001,82.2904034456002,79.4202731638,82.6606265754,83.0999113445003,81.324921881,87.0097629845,85.3144925995001,86.1542349017001,89.1046054739999,87.0671780352,93.5963742557998,92.3440967993999,93.5020658537001,94.1607970359,94.3679686418001,97.6213360889999,99.6105322667002,105.7036666541,95.788155115,98.5985366484999,100.316020906,98.32015910136,102.875368121,102.2110832755,103.0340422151,110.166471069,107.520402646,107.404397438,108.06638873718,108.2916580118,109.007997888304,107.894918128,110.2085961894,109.6152342348,112.952008531,118.1854542798,116.943685254,114.6184859386,115.7500513148,122.41512553946,116.927801737,122.7187679375,123.0562577529,124.8871724946,125.07306668708,124.07663119731,123.936764771,127.324821361,128.55681678994,128.1211343655,133.7227354062,136.596080006,130.28302756568,133.2328714321,133.953893213,132.4573406731,133.225771459292,136.073783586,140.043279925,136.7821526951,136.694873233,138.8553164536,139.2145716597,145.2396786389,147.6872681058,142.3555572799,146.1283765212,151.201356049,152.7891502751,146.5443804925,150.8020320535,148.14767984292,151.4049804638,153.627907721,157.261903263,154.0960628912,152.54910388,158.4690573021,158.8500571463,156.3623382039,159.372279036401,160.4020697302,165.585627652,160.2402268185,166.2540168107,163.0724805324,166.7213694296,168.5607211448,168.551269876,170.457500312,171.5676036435,167.9036068776,169.252022124,178.1432169628,174.01873195,173.7191788298
10.1816862611,9.13199785645,9.87608210420001,7.5199721214,6.3593626515,10000,6.2372802012,7.7402812234,9.84865614195,10.2557298142,10.40037875995,14.66974852535,12.8031917293,18.72896028705,15.5260535484,16.651361473,17.9633716857,18.47428300745,21.4917997161,21.26255719485,24.272840676056,26.16324652125,25.1925905789,23.58425285,24.9114933508,28.45533030505,26.73222840095,27.7328025261,31.849677477,30.58253349205,29.92143536095,28.411301031,31.9131170336,36.0758247616999,35.728722268,37.1393143564,39.9741373821001,34.96198258266,42.2419829141,41.59663349425,42.59321831095,43.12990988285,44.6727309472202,46.38724892671,47.77335740945,44.63928602355,47.2910985909,46.7529738056,48.876133992,49.121612402523,50.4413465397,50.8678388252001,57.31003516709,52.96768687575,54.82199590225,54.9848696919099,55.39398101715,54.24173472815,59.22766840725,60.43202222105,60.9614650250001,59.5548348968999,61.9209228165999,64.8727984651391,64.3132385338001,66.5640262506,67.308201308,72.54754779905,68.65250423095,70.5905434194,74.7067124344002,71.9043546108501,72.6059714871501,77.2373530098502,77.9436862590001,80.7292634902499,82.0706150270001,78.0335959726001,80.1151856697998,78.30933401995,81.7381493193499,78.1737078843501,82.131477582,83.7871942655501,88.0864072619499,85.9093043203999,86.7456949934498,92.9419738968499,87.8101670293,90.8199738134501,90.46743724255,94.0925594342501,90.1823107653,94.6880150939498,94.8089516159499,97.1569413294001,101.6249894644,98.14263752775,99.3817061411502,98.08461909695,100.40871488665,98.9184500161501,104.8476408626,103.24022378155,110.8027526248,106.73305906265,103.78342010435,104.83255747746,107.6265231851,109.56195958465,112.2425751646,111.67400107125,113.4740876726,113.19802523595,115.6598379533,118.5036317804,118.22867757415,118.0441029702,122.62977660699,120.04535677655,125.45761906705,125.2544177813,125.7950547756,123.0623842652,121.3099593564,126.18395892405,123.0345141724,126.72009602145,130.512651546,132.2621966515,136.4122900128,133.28459737376,130.783247475929,134.70472567005,135.16182442425,135.458321163258,133.88850597475,136.50073813425,139.10142607035,140.39721774715,139.5349891181,142.2883590632,146.3290916133,148.0660243466,144.94890471765,143.58980412405,152.006724005,152.4863396683,147.35540235375,151.55888078635,152.26079640711,148.69199995485,150.8435281508,155.74064751925,151.8319660172,155.68922588275,153.771184258,154.90141406415,158.40866905215,161.4738007511,159.6535114176,160.9734412048,162.17961333535,167.760637116,163.73164134425,166.7545233374,165.62707621325,172.450905792,166.31012382845,169.16202820885,170.7453537276,172.90969320435,178.5167600856,172.3108118411,176.4806765306
13.987056102473,10.9748713711,11.538872491,9.25340955006002,10.1418668274,6.2372802012,10000,7.18688978749999,10.9663438539,10.8732782623,9.3514580027,12.329449509,11.5813561953,19.37760891626,14.51128091694,16.3800315524,18.3934906048,19.3207699808,22.4128616137,22.46096137006,23.499679672476,27.79565556306,24.2938906954,23.14609353944,24.11098197438,29.981126103,28.2340490193,26.8326242035,33.36244663144,28.75832208346,30.3378622601,31.3182940034,31.9804967467,37.77796969612,36.2674636503,38.7132048994001,37.4029989916,36.71387664601,39.87849753523,41.0644495628999,44.3690510905201,45.1542068976999,43.9598123445601,48.04167822521,49.32543264038,45.0487318124,47.3130317095001,45.9031691906001,48.5713504661,49.888265126,52.1960621338,50.8629247550001,54.4376402274799,54.12663175276,55.6750124863999,55.97391689172,55.7007713607,56.14922599682,60.4855565299,61.7300474426,61.2639063081,60.3692180323001,63.2424797088001,66.686540849665,65.5168120157001,63.6302096146001,67.5047766218001,71.0843660240998,69.4555421239001,69.3191165939999,71.4789128678399,73.7676027323999,72.5958716498,78.8557681702002,77.3746452628,81.2829588209003,80.9630865914201,79.8830804532,79.0810214183001,77.1720702278,82.1829747704599,80.5281534166999,82.9249708764998,84.4712139181001,89.24516612886,86.3052081415003,87.0424119078999,92.6240593363399,88.77108718686,88.9322062062001,89.9103460459003,92.36323034332,90.54893808088,95.2667410673599,93.83718392072,96.7308696451201,99.231532193,98.2598305662999,99.3575442282999,98.00956300186,101.3918197118,99.6981098645,106.3999140093,103.7367081205,111.25171633764,106.9944549056,105.8670230376,106.38225104792,107.8637202552,111.491324944,113.5873395876,113.0459892327,115.13237989492,116.0805130554,115.2543493816,120.2684421454,119.177043885,118.2268136151,123.47089153353,121.76313725136,125.42993311688,124.51046774178,126.00104482812,122.36549993308,124.24252456197,126.6890845097,125.7443037089,127.3247809393,132.6556215716,129.73693547796,137.5624636988,135.25587517524,131.5551494859,134.3543851472,136.89242997306,136.971949558708,135.07210079152,134.42004743756,139.4717585562,142.0146211503,139.9924580123,143.7591047063,146.2789554319,149.3631411823,144.7284875118,144.2824046657,150.64173603008,149.7998723295,148.092011864,150.2956478877,153.41804109024,149.7656837557,153.42715477622,154.3107605327,152.5261817988,157.02281224694,154.12137244784,156.5834747742,159.2081635546,163.61610269132,160.1358859561,159.86978798016,163.3819356385,168.87022820442,164.4228779186,165.30415594652,165.3161156697,172.5875597424,166.17086957142,168.2669662506,172.2499454909,173.99268967866,175.40015077122,172.1950391754,177.4511079225
12.2469649406,8.47276290670002,9.6378637174,6.8788835722,8.97857282139998,7.7402812234,7.18688978749999,10000,6.3941974999,4.78473979239999,6.9228663866,9.24197578080001,9.99430460020002,16.6874007438,11.4159767374,11.9029215889,12.2241055499,14.642631107,20.3124729535,18.8163204442,19.450830189484,27.0323528182,19.7684000524,18.4684598796,20.4445381477,25.9798050130001,21.9186756280001,22.6504265502,32.515476908,26.5985925953,26.4993397774,30.9227174564,29.0978528394,34.8467243498,30.0812211168,35.0518208592,34.4099124415,36.1312991240001,36.1622874206399,39.2792740234001,39.7982732548,40.6516276446,39.2695187886,46.56590203249,47.8517764847999,42.5001854041999,43.1020062134,44.0975576056,47.0417810823,46.621605609113,49.9722246431,47.590119884,53.04661707814,49.9827306625999,52.8160410058,51.0460030962,54.0273394975,55.6820738089,56.8758424316,57.9074836614001,56.9254480176001,60.3874427045,60.3081444676,62.2998243614,62.1993554766,63.0319696100001,62.2455493,71.0747417928001,65.9938407335999,65.6211610286,69.8320464050001,71.1394076882001,68.0867342666001,77.2706566010001,73.8267308833999,79.469415891,77.5489032269999,74.7628251024,74.2245363803001,80.3741397171999,78.6506691286001,79.9734475336999,82.4258801696,81.8423595753998,87.8406794712998,83.0759012741002,81.0435985522002,89.8386870345001,86.2970436839999,86.9011452578,86.1219968463999,88.8171302651002,92.0320600574999,92.3358325880001,90.5016729729001,92.9910272997002,96.2531872115,96.0565442358,95.1015915755,97.5547615941998,97.9319761221401,98.6574009377003,103.5231428572,97.9849571799,109.4219477583,102.3642503948,105.5437818322,104.95873054255,103.6269921599,107.402250997702,108.5921226194,107.4027905047,111.9442825312,111.5740500114,111.8336838301,116.2221891085,115.4277477026,114.5914718445,119.67026734263,116.50626891308,121.8480989249,120.5748316961,123.2348723856,120.32458720664,122.89377962714,122.8238927613,124.3307758388,126.60582042515,129.2348593722,126.8407377612,135.6911914886,129.59296794248,128.59809865798,128.3884796876,132.2885453246,133.252327903688,134.5579403023,135.5087329136,135.1982310419,137.396575421,137.0104701586,142.6235093415,145.8019944601,146.1501005424,140.6743798188,141.9403780154,147.5592894921,145.5647472629,145.2265484654,147.0191691612,148.954231415161,149.8769242065,151.6522220952,151.9660472597,152.1071137411,153.0650223866,156.499439880801,156.9401324258,155.356157171,159.1017060348,155.89920826716,159.5694034608,159.2719487224,165.5918496076,161.2806856874,163.2172141052,165.4255487732,167.4483526589,166.2422530418,166.8644216998,170.5405832481,169.6415074406,172.39772871686,169.7796499514,173.746454555801
10.2711642276,12.1990661768,9.33827511269999,10.1260792242,6.27860551950002,9.84865614195,10.9663438539,6.3941974999,10000,4.39405654619999,7.8742619178,8.70748353000001,10.0399442644,14.5683090037,10.8003372324,11.0521057792,12.12485740832,13.6651624573,15.6611186272,14.102729521,21.16741967686,24.7884193836,18.475023099,19.2371323454,20.868585067,21.3709040217,20.8857553045,24.3820765015,30.9772902322001,28.9508353713,25.5811690597,30.1608208556,27.4187809352,31.4409054286,30.0332974142,31.6956849818,33.7487778465,36.01823758457,34.31029985926,35.2968211729001,36.4181981687,37.8807650738001,39.10624811974,42.0003175874001,45.4709711362,41.738378179,41.0247411312,47.37436485006,46.4874381456,45.7174486634,46.5095562549,47.6868779622,57.4802587250602,47.2860517923,52.1754374596001,49.8934934934,53.5842959569999,55.2548923787799,51.9929062142001,52.6628678515999,55.4417825338,59.9300887607,60.2349962087,56.767080813113,60.4320878585,66.4145599226999,63.2682182085,67.4623397648001,64.3905769414,65.4604597006,71.2603122706,66.3181758933001,69.7577534588,74.9423172207001,73.2907770504,77.4929846927001,75.9479730300001,70.9832528183,75.1955199127,78.2281973878999,76.3571150922,79.6302882645,81.9651840989002,78.9639597422998,84.8620373496001,81.5034548478003,82.2120359579,87.2214061880999,85.2833296360001,88.9482339438,86.6333310782001,86.7970827467003,90.6191986793,91.4021565428,93.2739552234001,94.3425843408001,101.1916715986,92.6815891788,94.4039654279002,96.3981299107999,95.26244097706,98.7110340735,100.6917848337,99.0176943099999,107.790517776,103.7004242756,104.8522985512,104.58707600683,104.8403934757,105.8141357152,103.8739575983,106.0614858186,106.2285517145,109.6309200642,112.7323456754,114.9517894888,112.4843657306,113.3303574512,120.46633362091,113.12488590774,119.4993885454,118.5666059717,122.941043958,120.77449028722,122.44099425648,119.9743742962,125.2904631632,127.4901126427,125.9163747708,127.4556698362,133.157193388,128.17128736544,128.63955714551,128.7020851436,128.7332891378,129.525862987908,133.6098354584,136.5052856484,133.0522888992,133.2924744345,135.5482442688,138.5877244565,144.3113617282,145.2435709263,138.4598737851,142.1494426546,144.656766055,146.1274177982,144.4920788086,146.3737629516,144.29585680444,150.1845455992,151.65145314547,152.101292420799,151.9673548739,148.9593667481,155.4590456244,155.6165916709,153.019615244,157.8623107429,156.18776603816,159.7529985932,156.5434611846,163.9188385446,159.935430199,161.3302026742,166.2099549366,164.8236557726,166.9966064748,167.0451574528,165.6988379846,164.9485398253,172.4045469336,169.4966009748,169.5156517388
12.0854394428,11.9016568762,10.3394385762,9.45316691620002,8.42198244459998,10.2557298142,10.8732782623,4.78473979239999,4.39405654619999,10000,6.5056466282,7.79341939940001,8.0009653982,13.3987342658,9.2195748968,9.52780433230001,10.38431086318,11.4678636474,14.8644768168,13.9667865582,18.780712225656,23.9373784704,17.029354472,17.3446700034,19.6914043872,20.5222887963,19.7834199588,21.2952822145,29.9220878668,26.3540656992,25.1504926098,29.075832942,26.4304395644,29.8469796372001,27.7370159663,30.6011011414,32.6760722209,34.25418381196,34.40482505658,35.6755028835999,34.8763350768001,36.3084851942,37.14776784807,40.5393759856001,43.7555417918,40.6656072854001,40.790031611,44.1828678973999,44.4988625810001,43.6345461805641,45.9770152488,46.253668934,54.5192064822,47.9683765292,51.4188585837,48.55125333153,52.6413541696002,53.7039824073,52.4219458144001,53.8782492678001,53.7612211943,59.2644797077,58.5101211953,57.4705871698,59.2334487252,63.2633410380001,60.6982482605,68.6064104764001,62.9486325732,63.7075738798001,69.2191341442001,66.4378186958,66.6792981224001,73.9023922440001,71.2646485637999,74.7948358357998,75.7480395710002,70.8920392216001,72.3518806726,78.1953730287999,74.3472290656,78.8183581581,80.0961194921001,79.0343404112002,83.1297971152003,80.4149725031998,79.4639347971001,85.5809598087999,83.6833388066,85.8883673918002,84.9909632052003,87.3468172258,90.1958396285999,90.3550244629998,89.7756811111002,90.3582303766002,96.5095513852998,93.3946942742002,92.1950988937001,96.2813604998,95.0550568142,97.6020185615998,98.9450402027998,96.1617881964999,106.2211227622,100.5254294902,103.5324220942,103.2165025159,101.782031502,105.2946124083,104.5335433674,105.4503396012,107.235799673,107.97845533,109.9628610508,112.6742028639,111.342495536,111.9015503521,117.25015651912,112.77071132786,119.5041740412,118.6914160215,120.0362731918,119.81003203234,120.62471807182,120.1041426358,122.8194960168,125.47740334861,124.8783718532,125.5871445563,132.7162103368,125.84630479518,127.75670684775,126.59213600247,128.3650376419,129.469284385416,131.7541835012,134.696063735,132.5102523533,133.018623585401,134.5999606264,138.2994758007,142.6654478954,143.1842944978,137.9082875023,141.0261902192,146.0579635222,145.0252904504,142.6981964047,144.4229946711,144.78755388828,148.2225237988,149.8696938762,151.1436710014,150.2716108264,148.8331926425,155.127721808,155.3588590195,152.333251920001,155.7005185276,154.07740378,158.526542994,155.9320404704,162.6846986954,158.9893197972,160.7746967368,163.9839506962,164.930562497399,165.8552001166,165.8051470162,165.980293123,165.2876203363,170.88349047296,168.7901505022,168.9321524758
16.001896545573,13.6278980974,13.650439565,10.709584912,12.5654495735,10.40037875995,9.3514580027,6.9228663866,7.8742619178,6.5056466282,10000,6.97494683,6.53875259219999,13.2856881981,8.019983351,9.56890447960001,11.04921676484,12.8487608837,18.8929747351,17.17062094848,19.2232357459,24.6920965620001,18.477106557,16.32820924,17.363172236,23.7854736337,21.2904573253999,20.4174641486,29.4291661102,22.503609612,22.3214488466,26.808847186,25.883014238,34.232025685,29.561242127,32.7667384046,30.6553665209,32.82073467413,34.9189577157701,35.4064238280001,38.3578270037001,39.212676961,38.34613926877,44.19706493113,44.5727039254001,37.2759653274,39.860777692,40.0090663187001,44.085081474,45.0747292124001,47.9446637593,43.8784029415,48.5265625412401,46.1174090177999,48.8516367106,48.84831253847,49.6302825744,52.49222770776,54.378666602,55.607182638,55.1258627550001,56.0237840938,57.7079529609001,60.6052094403999,59.6174530678001,57.3057860179999,61.6519271756,68.7880608035999,64.6055966760001,63.7888690794,64.6427219977999,68.7550852700001,67.7392030944999,75.3156194605001,73.5504625958999,77.175673132,74.1107302990002,72.3429562032001,73.1858217939997,75.1207741894001,77.6413681709999,77.5968775158999,79.7919402389,78.0979178504001,84.7032012759998,79.8289572949998,81.147570656,88.0395275380001,84.117825848,83.3161221952999,83.5398571130001,83.7967545200001,87.4367987867999,89.0827520253999,87.5014473999999,90.850168258,92.4557764480003,92.3072332840002,94.0341247407,95.0845161316998,94.6712738096399,96.063335218,101.806054225,97.3887749999001,107.72615732,102.166683774,101.379833509,101.8241433884,102.3057041788,105.292741558402,107.198814067,106.5110587734,109.6315650238,109.956893807,109.216773062,115.7024767235,113.616277757,112.774057011,117.47813904496,115.315396951,118.99262948,118.139139417,120.832782441,117.12344352824,120.17376152231,118.6329811158,121.4005012174,122.0481786646,127.604086973,122.3795947772,133.308825176,129.68847524206,124.46354419418,127.9613394686,129.9886902462,131.117075982104,132.018193682,132.316059299,132.7352198127,136.178694331,133.5702764295,140.1652054938,142.9157272384,144.4694719796,137.32631781,138.1460087464,144.480907621,141.4590128696,142.4322229138,143.812738469,147.591997934,146.3119607184,149.87564459,149.605233329,149.2063693372,150.6059705934,151.9580975572,154.3700665448,153.6416083361,158.007124996,154.8974112106,156.784303651,156.5634075435,162.9176859142,158.4905507082,160.3154916554,162.5449437766,166.057821836,164.4311105868,162.8773591364,167.2704062132,168.026892586,167.9846674438,165.439587919,170.949359022
18.012485831508,16.1550334294,14.0609228774,13.0947181478,14.045510947,14.66974852535,12.329449509,9.24197578080001,8.70748353000001,7.79341939940001,6.97494683,10000,3.5692710102,11.7773771143,8.19893154199999,6.7262687955,9.92710985183999,12.3826947251,17.3014257654,15.5787447542,18.233797820752,22.70483441,16.907355146,17.1753105602,20.3239798046,20.6772727497,21.0151898933,20.6668816248,28.8189224134,21.5645599121999,24.6352151731,31.0648035306,26.368660914,32.2755342721,29.6841243424,32.1504333782,27.6050880567,34.05301815635,28.9249646558099,35.7522065758,35.6590042704001,37.1769435352,35.0834590545,40.7694289941999,44.5522430654001,39.2031423182,38.9786079328,39.81685470862,44.9635825,44.1883962507229,47.0243525452001,44.1875595855,48.69922888954,48.9071466113999,49.9972204754,50.2808467860999,52.7207234071,54.3759458932399,53.5023772226,55.3078699132001,54.4658138644999,60.4781598284,58.3931490418002,58.947242577913,59.8086617731999,59.8343322244001,60.6164973905001,67.3756221939999,63.72615031,60.2857286375,63.1741185110999,67.8913633071001,67.199077842,74.0240914322001,70.704047249,73.5292093864999,69.6189210432,72.4243263135,72.4466905232001,78.3133943253001,75.7685889827,80.2681538684,80.0699714188001,77.6358606876,83.4206901616001,80.6240278774001,81.1438773993001,84.1612909336,84.1163179571997,80.0698954666,84.5383066855999,83.3953536192001,91.2586298039999,88.0617355289998,89.4651490098001,90.8974645008999,90.9188110269999,91.750275287,92.8554829945,96.4941756378001,94.2895436670601,98.5599223442999,99.2273933414002,98.0340595655,104.18245513,100.0986675564,104.714019561,102.32381611858,102.4455302569,104.2937953434,105.5374746226,106.2943704852,109.4640625209,108.6004730663,110.4310438678,112.7220739228,112.049205765,112.1211211498,118.45567430067,113.717412292,114.8691250168,115.1785439182,119.71857419,118.89784738832,122.06476798331,118.0882109322,123.753831325,125.3064122798,126.2701247622,120.6307470834,131.7513830418,126.99525443406,125.65034774763,127.3213671646,129.2987191567,130.274855165012,132.995671521,133.351317349,132.1762550849,135.5460290564,134.0662402358,140.0228058831,143.9500810066,142.8794298192,137.9349661718,138.6257740333,140.648598803,139.0822718234,143.347370113,143.4002272698,145.81033114456,148.746088838,150.73089129764,147.9235816524,151.2723413966,150.1199980696,155.5770617374,154.6912398308,152.6205874068,156.5962516301,154.74732245888,156.6435935418,156.948005494,161.555173001,157.6174020087,156.8487806929,162.5071597844,162.8495634918,166.0103586086,166.143072351,168.2868074739,166.4608450089,163.87218111346,168.000137891901,169.5312690168
18.866681595027,15.8761578846,14.5515121608,13.3620593046,14.86947838,12.8031917293,11.5813561953,9.99430460020002,10.0399442644,8.0009653982,6.53875259219999,3.5692710102,10000,14.112415716,5.506242417,5.5142278909,9.43967358137999,10.5804564033,17.2439900124,14.9542829098,14.879490802088,19.7933624082,15.19685294476,15.4799706472,16.5844533914,22.0034304391,20.0502844506,19.6326437153,27.5781316914,19.480419734,23.7032538327001,26.5831282026,25.302592601,32.1181399013,27.2941623256,29.8257067416,26.8289059377,31.02057271936,28.80624570243,34.2181696326,36.7932072748,38.3376679554,33.06102976044,41.8716365078701,44.5625580324,37.2058271136,38.0914024118,37.63077774352,40.94402293448,42.1201034939,45.4484902702001,42.6898660325,46.30145841653,46.0626021316001,47.1400365336001,47.4451793544,49.1353276701,51.2375933662401,52.4796302686,53.6430349718002,52.3983123193,57.1394853749999,55.6848136606002,58.8881331112351,57.2174234494001,57.7520178859,59.1204153260001,64.8253297283999,61.4838817724,58.9750124631001,62.8103716881999,66.5210535966,65.1790153573001,73.2168574420998,70.3796244246,75.6502644694003,72.2275570264002,71.4509535609999,71.4090733710001,73.5559651634999,75.84884807,75.9720600547999,77.7427061049,76.1211125702,83.9159790518001,78.1078794676,78.9378770677002,86.8137387879001,81.5921443724999,79.4692633785,81.8446757292001,83.0187658599001,87.7396094467998,86.0411358797999,87.7483651882002,88.4587388991999,90.1576315076001,90.5531604216002,91.308756675,92.5499283449998,93.3353733962598,94.6093676622998,99.8032201654,95.7859416838999,105.8978898152,98.8932221924001,101.3613061488,100.02309945694,101.0445284194,102.577132882,105.5938730408,105.633188183,107.039618074,107.834608242,106.4251612112,113.922073203,110.8175510208,110.0545554791,116.03207867447,113.3956475354,114.7661077379,113.16414467,120.2708465544,115.57734782824,118.37127954543,116.8243839653,120.1279313288,121.210730167,126.3052309364,119.8719107059,129.7713060817,127.28642634904,123.5960198759,125.591033724,129.1371524507,128.0742125014,129.7452262732,130.1586488717,130.5334700304,133.7248600535,132.498835314,137.7072144361,142.0910650958,139.1396744612,136.7719699962,136.3574719182,141.9368827464,139.7585747894,141.2740655416,140.9188871336,146.79555802324,144.7522797665,146.89901789918,145.6861860454,148.1138271676,149.4587566416,151.6438479546,151.3955916099,151.225302940001,157.2824313762,152.981288448,155.1928174472,155.4887186988,161.8746243516,155.924362369,155.5116858033,160.1831485446,162.9856834818,162.15499633,161.8786947104,166.1584141426,166.1870380109,165.11030480366,164.9683826676,170.1387338352
22.270024144746,24.3184251841,20.138700148,21.6579855486,16.87591988,18.72896028705,19.37760891626,16.6874007438,14.5683090037,13.3987342658,13.2856881981,11.7773771143,14.112415716,10000,13.1119255813,11.3561631534,13.734219507,14.1687114455,10.6161427866,14.7385964097,20.463119722428,15.041872796,19.5223394617,20.632005409,22.7058770116,20.5783535091,21.2502885845,25.2409946691,20.1215818149,29.0277552183001,26.5420793275,27.6145223364,27.7413744144,25.1892721159,31.9115583176,30.3644481588,34.0619713902,34.05864632998,33.2064861320799,32.6315661067,33.8061075854,33.5216800727001,39.3560430828701,34.2838877,35.2783891676001,41.4065669998999,42.4765978351,47.1441392514001,48.3332628038999,44.9621650121411,43.8805555885,48.030437331,50.5351434168601,50.3993978107,47.3346987804,53.10514323516,55.1354460017999,55.3066269260399,53.5302494927001,54.3912970427,57.3087681837,56.9012021808,55.8737263954,59.105351598773,59.0406070152,64.592347433,63.7873181695001,62.7959695857,63.9130150385999,65.8750994473,66.7094862568001,65.1578552509,70.7680062944,63.1306164553,68.5132573808999,67.5094772240001,71.8855188222,74.1212884719,75.9576842055998,77.7039098255001,72.9900559739999,77.4273368371,77.0039128588001,76.4837928229998,75.1625237692999,82.566698527,81.9479204714999,77.0201786469998,82.8968928568,88.9707609229001,88.2287930105,87.8617497301,89.6108408454001,85.6863759578999,91.4796698879002,94.8104749763998,96.5376729424,91.3786501956002,95.2047164144001,97.3028347054001,95.2929092189001,98.3642115380001,92.8493681923,100.2760731824,96.2728018450002,104.5181939767,102.6221403641,104.57942525262,104.6602069094,102.4279820904,105.7290503597,107.7227403843,106.6843223447,107.1955304514,115.146722419,106.5700482515,110.604078097,110.9662010439,112.79273512241,115.7792512557,110.4558602888,116.8976897603,112.536724411,122.48260620884,120.92522030946,120.9333305163,123.073272862,121.90010312751,120.7509646372,127.35706797718,125.64868071647,123.55975403786,129.42048546447,130.7046064669,130.3136210846,131.6541885801,132.625207468,136.1096315265,134.2583368614,135.3858450631,136.3241417681,134.3222526932,133.1636716103,142.844684519,141.5080397104,142.0483570312,141.4278577677,144.0931584783,144.680482818,150.4564906782,144.72804177534,148.2147300145,147.263215816449,152.2189290724,151.2445598568,152.104470862101,154.115236618,155.3919882928,152.5257665731,150.1909372168,156.7231925631,161.301227451,159.4618155543,153.0102622996,158.7806527658,161.6795591231,163.5060683259,158.258174733,166.518633036,168.665553695699,164.5436095506,166.4968283142,169.538965457,170.5595995794,169.3916341223
18.803121261,17.1844815094,15.355004458,14.6687235864,14.71606552,15.5260535484,14.51128091694,11.4159767374,10.8003372324,9.2195748968,8.019983351,8.19893154199999,5.506242417,13.1119255813,10000,5.41084634100001,7.80084319128001,9.74730551470001,14.954906016,10.1118789118,14.160325811156,20.3991955294,12.117598966,12.6951487088,13.5555563943,18.2829864918,17.3720969694,16.7772143184,25.9597380888,19.757438732,21.1254921742,23.9735588464,22.44940172,29.22754877,25.0558017852,28.3802230311,26.8180898744,29.96033037328,28.82670944904,31.4660879038,34.4393343174,35.633056442,33.08555312062,39.7795502523999,42.2764597751999,35.1338778377999,36.327392113,36.51685243704,38.030028128,38.759216906723,43.6964416389,40.8344510732,46.8701149497799,42.742175044,46.4001975096,43.6956262611,45.9254072847,49.3086664581,48.5263401198,50.2572190332001,49.2705059825,54.7330799643,54.054382364,54.703637348261,53.751138686,57.0466973148,57.0907752238,63.2571682004,57.5597371880001,58.9966793883999,63.4965613316,63.9049592680999,62.6854067013001,71.4900841958998,67.7677391859999,72.7384052517,70.1854249390001,67.3813428816,68.542011286,71.4081613828001,72.2683309387999,73.8396820358998,74.9660622475999,74.7865333649999,82.0109877248,74.850176107,76.1052061572,83.8020103790002,79.9910208085999,79.5889722081,80.5824297804002,81.3203082971001,85.3638655592,85.5442150366,83.9913562620001,86.1994438173,88.6462088812,89.4419054612,87.9500224656001,90.0303125163999,90.3171878665401,92.0908715143,97.0922944964,92.658675091,104.5141664758,96.8924796270002,98.7291440442001,98.6098178692799,97.5127990824,101.41094213,101.650370515,102.7312924304,103.250567855,105.523562949,104.829835294,111.2738808938,109.0828600297,108.2415833632,114.44705009033,111.11165010936,114.9486766358,114.4807799365,117.8508900208,112.4602162032,116.03971253915,114.798739013,118.0118496742,118.86417929812,123.725292005,119.4462114297,129.705905696,125.50954726144,122.65434899543,123.2254709676,126.2041947204,125.156285850416,126.886464269,128.6007276081,127.7715495091,129.475384431,130.2907214396,136.1208002277,139.5858831778,138.8855726528,133.2194497441,135.4462256086,139.898898428,139.3927449584,138.5856043521,137.8323830566,142.23916602328,142.3424294372,146.3643772156,145.0000000316,145.507152464,145.465795158,150.0613219198,150.3102924298,148.961435683,154.5064303207,149.337569217,152.786132853,151.7020233705,160.069584132,154.8749861974,155.4675933793,158.5951192114,161.543516043,160.373923269,158.3709543152,163.771763959,162.0737545144,164.672014947,162.9609995978,167.501694036
